1	;n_cations
26	;n_atoms
25	;n_bonds
27	;n_angles
23	;n_dihedrals
7	;atoms_typ
5	;bonds_typ
4	;angles_typ
5	;dihedrals_typ

1	;n_anions
9	;n_atoms
8	;n_bonds
10	;n_angles
12	;n_dihedrals
3	;atoms_typ
2	;bonds_typ
3	;angles_typ
1	;dihedrals_typ

0.000	;xlo
32.224	;xhi
0.000	;ylo
0.000	;yhi
-223.000;zlo
 223.000;zhi

10	;Charge
0
0
0
0
0
0
0
0
0
0

Bonds
typ b1 b2
1  1  2
1  2  3
1  2  4
2  2  5
3  5  6 
4  6  7
4  7  8
3  8  9
4  9 10
4 10 11
3 11 12
4 12 13
4 13 14
3 14 15
4 15 16
4 16 17
3 17 18
4 18 19
4 19 20
3 20 21
4 21 22
4 22 23
3 23 24
4 24 25
5 25 26
6 27 28
7 28 29
6 27 32
7 32 33
6 27 34
7 34 35
6 27 30
7 30 31

Angles
typ a1 a2 a3
1  1  2  3
1  1  2  4
1  1  2  5
1  3  2  4
1  3  2  5
1  4  2  5
2  2  5  6
3  5  6  7
4  6  7  8
3  7  8  9
3  8  9 10
4  9 10 11
3 10 11 12
3 11 12 13
4 12 13 14
3 13 14 15
3 14 15 16
4 15 16 17
3 16 17 18
3 17 18 19
4 18 19 20
3 19 20 21
3 20 21 22
4 21 22 23
3 22 23 24
3 23 24 25
4 24 25 26
5 27 28 29
5 27 32 33
5 27 34 35
5 27 30 31
6 28 27 30
6 28 27 32
6 32 27 34
6 34 27 30
7 28 27 34
7 32 27 30

Dihedral
typ d1 d2 d3 d4
1  1  2  5  6
1  3  2  5  6
1  4  2  5  6
2  2  5  6  7
3  5  6  7  8
4  6  7  8  9
5  7  8  9 10
3  8  9 10 11
4  9 10 11 12
5 10 11 12 13
3 11 12 13 14
4 12 13 14 15
5 13 14 15 16
3 14 15 16 17
4 15 16 17 18
5 16 17 18 19
3 17 18 19 20
4 18 19 20 21
5 19 20 21 22
3 20 21 22 23
4 21 22 23 24
5 22 23 24 25
3 23 24 25 26
6 29 28 27 32
6 28 27 32 33
6 33 32 27 34
6 32 27 34 35
6 35 34 27 30
6 34 27 30 31
6 31 30 27 28
6 30 27 28 29
6 29 28 27 34
6 33 32 27 30
6 35 34 27 28
6 31 30 27 32

