0	co2x   1.249   2.800  15.182
25	co2x   2.248   1.046  15.200
50	co2x   0.461   3.037  15.261
75	co2x   1.994   0.710  15.239
100	co2x   3.410   1.698  15.233
125	co2x   0.961   3.111  15.297
150	co2x   1.676   1.022  15.339
175	co2x   2.969   3.948  15.323
200	co2x   1.288   3.181  15.471
225	co2x   2.914   2.462  15.500
250	co2x   1.500   1.859  15.490
275	co2x   0.529   1.820  15.467
300	co2x   3.103   1.002  15.490
325	co2x   1.689   0.903  15.551
350	co2x   0.324   3.756  15.574
375	co2x   2.557   1.823  15.547
400	co2x   1.666   4.348  15.551
425	co2x   1.081   1.817  15.599
450	co2x   0.929   4.273  15.673
475	co2x   1.388   2.901  15.697
500	co2x   2.498   1.679  15.733
525	co2x   0.810   0.201  15.705
550	co2x   2.700   2.230  15.761
575	co2x   1.211   3.842  15.791
600	co2x   3.388   1.913  15.698
625	co2x   2.186   0.533  15.741
650	co2x   0.733   3.588  15.725
675	co2x   2.892   2.528  15.731
700	co2x   1.610   1.553  15.894
725	co2x   2.808   4.280  16.009
750	co2x   1.414   2.649  15.922
775	co2x   0.342   4.383  15.944
800	co2x   1.906   1.068  15.940
825	co2x   0.352   2.819  16.045
850	co2x   1.688   4.152  16.046
875	co2x   2.460   0.760  16.128
900	co2x   0.098   1.961  16.131
925	co2x   1.295   2.516  16.152
950	co2x   2.761   2.243  16.113
975	co2x   1.162   1.053  16.128
1000	co2x   3.232   0.225  16.197
1025	co2x   2.068   0.108  16.243
1050	co2x   0.483   3.859  16.279
1075	co2x   2.586   2.572  16.231
1100	co2x   1.056   1.557  16.317
1125	co2x   3.401   0.832  16.323
1150	co2x   2.263   0.964  16.303
1175	co2x   0.966   0.481  16.344
1200	co2x   0.220   0.301  16.296
1225	co2x   2.366   1.085  16.403
1250	co2x   1.812   1.694  16.412
1275	co2x   1.566   2.040  16.472
1300	co2x   1.901   1.243  16.524
1325	co2x   1.782   0.580  16.426
1350	co2x   0.763   0.764  16.395
1375	co2x   2.579   0.708  16.547
1400	co2x   1.200   1.399  16.591
1425	co2x   3.368   2.367  16.597
1450	co2x   1.937   3.447  16.641
1475	co2x   0.113   0.344  16.644
1500	co2x   2.826   3.531  16.740
1525	co2x   0.576   1.586  16.723
1550	co2x   1.621   3.363  16.798
1575	co2x   1.734   2.467  16.746
1600	co2x   1.400   3.167  16.887
1625	co2x   1.834   0.481  16.797
1650	co2x   2.143   1.298  16.839
1675	co2x   2.097   0.801  16.813
1700	co2x   0.964   0.901  16.872
1725	co2x   0.410   1.864  16.895
1750	co2x   1.329   2.206  16.834
1775	co2x   2.430   2.478  17.051
1800	co2x   0.530   3.436  16.950
1825	co2x   2.069   1.931  16.961
1850	co2x   0.213   2.592  17.126
1875	co2x   0.674   2.619  17.088
1900	co2x   3.089   3.703  17.060
1925	co2x   2.810   4.156  17.103
1950	co2x   0.252   3.693  17.158
1975	co2x   2.585   3.420  17.125
2000	co2x   2.699   3.074  17.082
2100	co2x   2.701   1.046  17.245
2200	co2x   0.931   0.922  17.498
2300	co2x   2.014   1.908  17.504
2400	co2x   1.578   2.177  17.473
2500	co2x   1.441   2.627  17.720
2600	co2x   0.242   2.662  17.767
2700	co2x   2.803   2.673  17.889
2800	co2x   2.231   2.669  17.981
2900	co2x   2.098   2.591  18.088
3000	co2x   0.818   2.650  18.243
3100	co2x   2.876   2.673  18.328
3200	co2x   2.738   2.626  18.369
3300	co2x   2.617   2.614  18.459
3400	co2x   1.431   2.551  18.565
3500	co2x   2.927   2.605  18.604
3600	co2x   2.296   2.587  18.739
3700	co2x   0.977   2.603  18.955
3800	co2x   0.727   2.687  19.053
3900	co2x   2.917   2.628  19.056
4000	co2x   2.594   2.572  19.103
4100	co2x   0.247   2.640  19.270
4200	co2x   2.205   2.634  19.404
4300	co2x   1.174   2.677  19.495
4400	co2x   1.537   2.615  19.587
4500	co2x   3.410   2.611  19.684
4600	co2x   3.115   2.632  19.804
4700	co2x   1.346   2.597  19.855
4800	co2x   1.261   2.605  19.924
4900	co2x   1.273   2.680  20.127
5000	co2x   2.427   2.567  20.237
5100	co2x   0.746   2.619  20.175
5200	co2x   2.912   2.628  20.363
5300	co2x   2.686   2.579  20.495
5400	co2x   2.568   2.619  20.601
5500	co2x   2.626   2.644  20.653
5600	co2x   2.573   2.644  20.706
5700	co2x   2.739   2.607  20.933
5800	co2x   2.611   2.597  20.895
5900	co2x   2.830   2.517  21.115
6000	co2x   2.735   3.605  21.309
6100	co2x   2.695   3.680  21.255
6200	co2x   2.899   2.926  21.462
6300	co2x   2.068   2.932  21.518
6400	co2x   2.061   2.727  21.638
6500	co2x   1.352   2.910  21.672
6600	co2x   1.682   3.026  21.774
6700	co2x   1.586   3.688  21.847
6800	co2x   1.224   4.092  21.990
6900	co2x   1.030   3.763  22.093
7000	co2x   3.190   0.303  22.184
7100	co2x   2.844   0.268  22.340
7200	co2x   0.227   0.020  22.398
7300	co2x   0.272   4.235  22.422
7400	co2x   0.684   0.055  22.497
7500	co2x   0.358   0.200  22.612
7600	co2x   3.057   4.010  22.773
7700	co2x   3.075   3.926  22.833
7800	co2x   0.230   3.819  22.912
7900	co2x   0.468   0.057  23.112
8000	co2x   0.106   0.125  23.209
8100	co2x   2.630   3.642  23.192
8200	co2x   2.937   3.481  23.379
8300	co2x   3.349   3.267  23.456
8400	co2x   0.105   3.693  23.509
8500	co2x   0.546   3.104  23.691
8600	co2x   3.002   2.302  23.722
8700	co2x   0.654   2.129  23.856
8800	co2x   0.543   2.084  23.979
8900	co2x   0.823   1.963  24.143
9000	co2x   1.531   2.647  24.198
9100	co2x   1.208   2.258  24.366
9200	co2x   1.373   2.845  24.507
9300	co2x   1.447   3.759  24.510
9400	co2x   1.514   4.201  24.609
9500	co2x   1.319   4.171  24.740
9600	co2x   2.248   3.945  24.815
9700	co2x   2.471   4.354  24.804
9800	co2x   1.992   3.910  24.953
9900	co2x   1.948   3.233  25.217
10000	co2x   0.719   2.779  25.214
10100	co2x   1.162   2.145  25.287
10200	co2x   0.342   2.394  25.394
10300	co2x   0.920   3.353  25.559
10400	co2x   0.463   4.090  25.567
10500	co2x   0.992   3.781  25.619
10600	co2x   1.692   4.467  25.721
10700	co2x   2.036   3.820  25.867
10800	co2x   2.224   3.619  25.959
10900	co2x   2.368   4.034  26.071
11000	co2x   2.268   4.435  26.116
11100	co2x   3.046   3.499  26.252
11200	co2x   2.998   2.636  26.366
11300	co2x   0.076   2.348  26.479
11400	co2x   2.865   1.967  26.592
11500	co2x   2.247   1.634  26.751
11600	co2x   1.995   1.654  26.746
11700	co2x   1.701   2.316  26.916
11800	co2x   0.269   3.155  26.934
11900	co2x   0.616   2.729  27.070
12000	co2x   0.672   1.003  27.062
12100	co2x   0.941   0.530  27.266
12200	co2x   1.507   0.711  27.375
12300	co2x   0.320   0.769  27.524
12400	co2x   0.130   0.208  27.601
12500	co2x   1.607   0.416  27.613
12600	co2x   1.738   4.283  27.739
12700	co2x   2.618   0.068  27.878
12800	co2x   3.337   3.899  27.957
12900	co2x   0.010   3.865  28.143
13000	co2x   0.142   3.847  28.087
13100	co2x   3.063   3.772  28.367
13200	co2x   2.861   3.663  28.408
13300	co2x   2.271   3.927  28.565
13400	co2x   2.243   3.805  28.632
13500	co2x   1.665   3.770  28.662
13600	co2x   2.067   3.363  28.741
13700	co2x   1.527   3.386  28.742
13800	co2x   2.113   3.831  28.924
13900	co2x   2.128   3.761  29.015
14000	co2x   2.317   3.719  29.184
14100	co2x   2.997   3.961  29.234
14200	co2x   2.856   4.150  29.418
14300	co2x   2.446   4.118  29.459
14400	co2x   2.550   3.792  29.635
14500	co2x   2.451   3.865  29.615
14600	co2x   2.283   4.096  29.867
14700	co2x   2.423   4.180  29.793
14800	co2x   2.616   3.351  29.912
14900	co2x   0.080   3.695  30.086
15000	co2x   0.172   3.502  30.115
15100	co2x   0.012   3.443  30.241
15200	co2x   2.227   3.354  30.484
15300	co2x   2.993   3.342  30.416
15400	co2x   2.806   3.754  30.543
15500	co2x   2.547   4.084  30.707
15600	co2x   2.517   4.073  30.884
15700	co2x   2.749   4.101  30.884
15800	co2x   2.566   3.691  30.898
15900	co2x   2.057   3.716  31.076
16000	co2x   2.058   3.722  31.182
16025	co2x   1.909   3.744  31.252
16050	co2x   2.125   3.771  31.183
16075	co2x   2.215   4.096  31.210
16100	co2x   1.915   4.089  31.162
16125	co2x   1.857   4.195  31.332
16150	co2x   1.872   4.088  31.252
16175	co2x   2.387   4.187  31.317
16200	co2x   2.225   4.190  31.358
16225	co2x   2.574   4.177  31.384
16250	co2x   2.715   4.148  31.396
16275	co2x   2.780   4.163  31.478
16300	co2x   2.873   4.189  31.465
16325	co2x   2.727   4.163  31.469
16350	co2x   3.059   4.068  31.559
16375	co2x   2.954   4.103  31.581
16400	co2x   2.537   4.204  31.464
16425	co2x   3.169   4.055  31.560
16450	co2x   0.077   4.069  31.609
16475	co2x   0.557   3.898  31.697
16500	co2x   0.088   4.015  31.694
16525	co2x   0.135   4.062  31.777
16550	co2x   1.325   4.153  31.709
16575	co2x   2.149   3.434  31.831
16600	co2x   2.180   3.315  31.796
16625	co2x   2.412   3.409  31.724
16650	co2x   3.189   3.389  31.798
16675	co2x   2.200   4.125  31.871
16700	co2x   2.095   4.048  31.849
16725	co2x   0.565   3.783  31.914
16750	co2x   1.584   2.750  31.912
16775	co2x   0.748   2.757  32.011
16800	co2x   2.919   1.289  31.938
16825	co2x   1.385   2.470  32.055
16850	co2x   2.694   1.752  32.058
16875	co2x   3.041   3.027  32.079
16900	co2x   3.221   1.702  32.197
16925	co2x   0.118   1.976  31.966
16950	co2x   0.141   3.383  32.060
16975	co2x   0.246   0.611  32.089
17000	co2x   0.052   1.891  32.182
17025	co2x   2.060   2.123  32.188
17050	co2x   3.221   0.100  32.257
17075	co2x   3.092   1.679  32.196
17100	co2x   0.957   4.376  32.370
17125	co2x   2.881   0.455  32.299
17150	co2x   1.079   2.637  32.353
17175	co2x   0.460   1.192  32.327
17200	co2x   3.112   1.997  32.393
17225	co2x   1.069   0.500  32.368
17250	co2x   1.314   3.706  32.424
17275	co2x   1.475   1.652  32.458
17300	co2x   2.547   2.024  32.512
17325	co2x   1.834   0.587  32.515
17350	co2x   2.681   0.481  32.486
17375	co2x   0.836   1.523  32.475
17400	co2x   2.750   2.713  32.680
17425	co2x   1.870   3.672  32.683
17450	co2x   2.367   3.321  32.676
17475	co2x   1.852   1.744  32.629
17500	co2x   1.521   4.299  32.614
17525	co2x   1.204   1.826  32.735
17550	co2x   0.755   3.472  32.759
17575	co2x   1.516   0.248  32.796
17600	co2x   2.433   1.903  32.788
17625	co2x   3.377   2.696  32.893
17650	co2x   0.819   3.300  32.902
17675	co2x   0.309   3.846  32.765
17700	co2x   0.199   3.796  32.854
17725	co2x   0.359   4.293  32.918
17750	co2x   1.354   1.121  32.892
17775	co2x   1.900   2.699  32.913
17800	co2x   1.491   2.870  33.030
17825	co2x   2.759   3.856  33.010
17850	co2x   0.146   4.210  33.067
17875	co2x   1.755   0.588  32.970
17900	co2x   1.427   4.356  33.101
17925	co2x   2.108   4.263  33.094
17950	co2x   0.813   1.025  33.028
17975	co2x   1.960   1.025  33.137
18000	co2x   3.296   0.146  33.201
