#! FIELDS time phi psi metad.bias
#! SET min_phi -pi
#! SET max_phi pi
#! SET min_psi -pi
#! SET max_psi pi
 0.000000 -0.983039 2.506467 0.000000
 0.020000 -1.045051 2.725145 0.000000
 0.040000 -0.957523 2.917270 0.000000
 0.060000 -0.833283 2.825237 0.000000
 0.080000 -0.940737 2.889593 0.000000
 0.100000 -1.242303 3.058501 0.000000
 0.120000 -1.252217 -3.128594 0.000000
 0.140000 -1.053585 3.012420 0.000000
 0.160000 -0.954672 3.006027 0.000000
 0.180000 -1.017177 3.138610 0.000000
 0.200000 -0.929866 3.100765 0.000000
 0.220000 -0.726420 2.863457 0.000000
 0.240000 -0.827877 2.690194 0.000000
 0.260000 -1.205221 2.704528 0.000000
 0.280000 -1.275668 2.586169 0.000000
 0.300000 -1.178086 2.495188 0.000000
 0.320000 -1.175350 2.534060 0.000000
 0.340000 -1.226547 2.605106 0.000000
 0.360000 -1.165938 2.619108 0.000000
 0.380000 -1.065599 2.700446 0.000000
 0.400000 -1.146024 2.954731 0.000000
 0.420000 -1.163583 3.045757 0.000000
 0.440000 -1.048509 2.909594 0.000000
 0.460000 -0.946454 2.783061 0.000000
 0.480000 -0.970297 2.843073 0.000000
 0.500000 -0.875650 2.826271 0.000000
 0.520000 -0.699957 2.636458 0.000000
 0.540000 -0.775542 2.502439 0.000000
 0.560000 -1.011029 2.566165 0.000000
 0.580000 -1.055537 2.640489 0.000000
 0.600000 -0.923626 2.621846 0.000000
 0.620000 -0.951804 2.711598 0.000000
 0.640000 -1.079856 2.850255 0.000000
 0.660000 -0.968194 2.884517 0.000000
 0.680000 -0.853833 2.894427 0.000000
 0.700000 -1.021363 2.943442 0.000000
 0.720000 -1.257269 2.996661 0.000000
 0.740000 -1.150721 2.940201 0.000000
 0.760000 -0.909048 3.008210 0.000000
 0.780000 -0.894514 -3.070857 0.000000
 0.800000 -1.079399 -2.879475 0.000000
 0.820000 -1.219535 -2.822326 0.000000
 0.840000 -1.117390 -2.797912 0.000000
 0.860000 -0.967672 -2.661951 0.000000
 0.880000 -1.038907 -2.530271 0.000000
 0.900000 -1.176217 -2.456973 0.000000
 0.920000 -1.149216 -2.371454 0.000000
 0.940000 -1.011816 -2.353348 0.000000
 0.960000 -0.984349 -2.353245 0.000000
 0.980000 -1.057293 -2.332752 0.000000
 1.000000 -1.066637 -2.190636 0.000000
 1.020000 -0.996032 -2.289353 1.153085
 1.040000 -0.911741 -2.319187 0.990425
 1.060000 -0.916631 -2.326263 1.002308
 1.080000 -0.869113 -2.368063 0.878267
 1.100000 -0.749225 -2.471745 0.535966
 1.120000 -0.494635 -2.516609 0.087583
 1.140000 -0.272416 -2.603450 0.007720
 1.160000 -0.337866 -2.656661 0.017137
 1.180000 -0.529479 -2.661132 0.119314
 1.200000 -0.480830 -2.775628 0.077070
 1.220000 -0.300668 -2.855843 0.010984
 1.240000 -0.468020 -2.744538 0.068260
 1.260000 -0.828951 -2.562830 0.763657
 1.280000 -0.960173 -2.699531 1.095974
 1.300000 -0.751769 -2.827675 0.542908
 1.320000 -0.784299 -2.835466 0.634195
 1.340000 -0.969165 -2.743468 1.112172
 1.360000 -0.848604 -2.853319 0.820382
 1.380000 -0.409948 -3.074681 0.038098
 1.400000 -0.281288 3.137053 0.008636
 1.420000 -0.575477 -3.024242 0.174193
 1.440000 -0.800787 -2.940075 0.681752
 1.460000 -0.594012 -3.136809 0.200955
 1.480000 -0.427813 2.981274 0.045847
 1.500000 -0.712448 3.029272 0.439870
 1.520000 -1.150449 3.073588 1.134426
 1.540000 -1.298751 2.921797 0.779820
 1.560000 -1.274638 2.830021 0.848918
 1.580000 -1.319789 3.000660 0.718661
 1.600000 -1.240424 3.047592 0.942431
 1.620000 -0.989069 2.969640 1.143606
 1.640000 -0.845224 2.805533 0.810691
 1.660000 -0.987005 2.802195 1.140642
 1.680000 -1.001462 2.720980 1.159906
 1.700000 -0.797724 2.600251 0.672877
 1.720000 -0.679044 2.611187 0.360772
 1.740000 -0.811773 2.793214 0.713677
 1.760000 -0.939114 2.917309 1.053611
 1.780000 -0.982779 2.917150 1.134354
 1.800000 -1.204254 3.071848 1.031295
 1.820000 -1.525264 -2.966148 0.223044
 1.840000 -1.577101 -2.835076 0.149230
 1.860000 -1.411955 -2.829535 0.462259
 1.880000 -1.311734 -2.787971 0.742110
 1.900000 -1.247852 -2.714170 0.922757
 1.920000 -1.095026 -2.742479 1.192288
 1.940000 -0.924338 -2.928000 1.020536
 1.960000 -0.982206 -3.037152 1.133480
 1.980000 -1.143718 -3.095796 1.144297
 2.000000 -1.143010 3.031718 1.145291
 2.020000 -0.978214 2.801840 2.051583
 2.040000 -0.953921 2.619794 1.946933
 2.060000 -1.075352 2.493913 2.306622
 2.080000 -1.050498 2.364846 2.270144
 2.100000 -0.773291 2.185723 0.987677
 2.120000 -0.716010 2.144715 0.715918
 2.140000 -0.944792 2.286743 1.904458
 2.160000 -1.173337 2.375605 2.235770
 2.180000 -1.195925 2.358857 2.173013
 2.200000 -1.193621 2.468972 2.180129
 2.220000 -1.274725 2.647402 1.848474
 2.240000 -1.355294 2.843708 1.417132
 2.260000 -1.293637 2.949199 1.752601
 2.280000 -1.155520 3.046229 2.273725
 2.300000 -1.025863 -3.141307 2.213369
 2.320000 -0.917837 -3.101317 1.770850
 2.340000 -0.770146 3.071214 0.971673
 2.360000 -0.600855 2.907213 0.320934
 2.380000 -0.456095 2.765498 0.087175
 2.400000 -0.379116 2.680135 0.038131
 2.420000 -0.374238 2.598971 0.036071
 2.440000 -0.445705 2.548756 0.078393
 2.460000 -0.468281 2.499350 0.098524
 2.480000 -0.452965 2.486654 0.084446
 2.500000 -0.583400 2.521584 0.279079
 2.520000 -0.835028 2.601110 1.319098
 2.540000 -0.927326 2.707210 1.819136
 2.560000 -0.776001 2.799981 1.001556
 2.580000 -0.785682 2.905622 1.051750
 2.600000 -1.042796 2.970396 2.254534
 2.620000 -1.310195 3.059132 1.665091
 2.640000 -1.403115 3.096406 1.153644
 2.660000 -1.422273 3.078927 1.051779
 2.680000 -1.428045 3.034749 1.021737
 2.700000 -1.327809 3.054070 1.569389
 2.720000 -1.046180 3.014866 2.261637
 2.740000 -0.724666 2.902905 0.754067
 2.760000 -0.635275 2.877222 0.416884
 2.780000 -0.757132 2.902499 0.906670
 2.800000 -0.859678 2.921521 1.456190
 2.820000 -0.919922 2.861737 1.781564
 2.840000 -1.086088 2.847473 2.315638
 2.860000 -1.225538 2.851337 2.068263
 2.880000 -1.105077 2.834819 2.321407
 2.900000 -0.915324 2.770473 1.757866
 2.920000 -0.949914 2.650311 1.928484
 2.940000 -1.058437 2.602913 2.284128
 2.960000 -0.900876 2.422816 1.681806
 2.980000 -0.706040 2.361479 0.673380
 3.000000 -0.608884 2.344273 0.341692
 3.020000 -0.647580 2.336134 1.626035
 3.040000 -0.752556 2.347362 1.888452
 3.060000 -0.934151 2.556459 2.361144
 3.080000 -1.061181 2.825248 2.519003
 3.100000 -1.134828 2.891250 2.433775
 3.120000 -1.295587 2.903176 1.769683
 3.140000 -1.404691 2.900713 1.152618
 3.160000 -1.309275 3.043266 1.693423
 3.180000 -0.975645 2.999813 2.444946
 3.200000 -0.712627 2.903704 1.788043
 3.220000 -0.718467 2.821422 1.802586
 3.240000 -0.868548 2.804714 2.196076
 3.260000 -0.858250 2.793449 2.168476
 3.280000 -0.786430 2.750552 1.976106
 3.300000 -1.071583 2.758677 2.516125
 3.320000 -1.453308 2.714229 0.898483
 3.340000 -1.516481 2.629578 0.614092
 3.360000 -1.349578 2.546222 1.463640
 3.380000 -1.324902 2.512152 1.604927
 3.400000 -1.444251 2.448197 0.943740
 3.420000 -1.441372 2.388234 0.958350
 3.440000 -1.367843 2.489638 1.359121
 3.460000 -1.243513 2.610212 2.041016
 3.480000 -1.096811 2.667899 2.496846
 3.500000 -0.911155 2.700561 2.306410
 3.520000 -0.887748 2.912010 2.246805
 3.540000 -0.991660 -3.055491 2.470374
 3.560000 -1.069340 -2.866225 2.516991
 3.580000 -1.080538 -2.828874 2.511303
 3.600000 -1.151063 -2.758768 2.394321
 3.620000 -1.235395 -2.716440 2.079613
 3.640000 -1.158714 -2.861412 2.373180
 3.660000 -0.890203 -3.003809 2.253195
 3.680000 -0.809349 -3.063346 2.036826
 3.700000 -0.896408 -3.094078 2.269215
 3.720000 -0.739367 3.049512 1.854992
 3.740000 -0.492705 2.879143 1.188245
 3.760000 -0.593384 2.853778 1.484652
 3.780000 -0.952631 2.883400 2.401261
 3.800000 -1.059581 2.830055 2.519190
 3.820000 -0.919972 2.682707 2.327931
 3.840000 -0.947958 2.726058 2.391497
 3.860000 -1.070589 2.852363 2.516526
 3.880000 -1.003167 2.903190 2.485747
 3.900000 -0.827429 2.851202 2.085350
 3.920000 -0.859690 2.835941 2.172345
 3.940000 -1.113465 2.927264 2.474297
 3.960000 -1.163288 2.857705 2.359778
 3.980000 -0.956879 2.839996 2.409893
 4.000000 -0.825349 2.853998 2.079747
 4.020000 -0.997403 2.952765 3.353036
 4.040000 -1.159657 2.877707 2.823774
 4.060000 -1.137876 2.786653 2.934324
 4.080000 -1.152551 2.800268 2.861015
 4.100000 -1.309383 2.839829 1.862910
 4.120000 -1.337662 2.881714 1.667749
 4.140000 -1.263253 2.810012 2.181540
 4.160000 -1.320772 2.745942 1.784003
 4.180000 -1.357401 2.657811 1.533926
 4.200000 -1.199824 2.614281 2.594076
 4.220000 -1.065593 2.575569 3.216632
 4.240000 -1.208358 2.668920 2.541566
 4.260000 -1.348934 2.744757 1.590992
 4.280000 -1.342108 2.847946 1.637377
 4.300000 -1.288997 2.946026 2.004365
 4.320000 -1.267210 2.985356 2.154511
 4.340000 -1.240119 3.049583 2.337185
 4.360000 -1.114938 3.069475 3.038590
 4.380000 -0.966337 2.999214 3.373653
 4.400000 -0.932174 2.879031 3.368315
 4.420000 -1.072645 2.820030 3.195214
 4.440000 -1.213849 2.795144 2.507193
 4.460000 -1.213648 2.677371 2.508457
 4.480000 -1.249323 2.531849 2.275808
 4.500000 -1.344688 2.498097 1.619814
 4.520000 -1.317238 2.475095 1.808453
 4.540000 -1.152855 2.364117 2.859447
 4.560000 -1.092323 2.352998 3.128275
 4.580000 -1.222152 2.527769 2.454396
 4.600000 -1.267375 2.628072 2.153381
 4.620000 -1.265615 2.681510 2.165415
 4.640000 -1.315338 2.741647 1.821615
 4.660000 -1.347499 2.925977 1.600717
 4.680000 -1.352853 3.140176 1.564513
 4.700000 -1.337442 -3.066097 1.669255
 4.720000 -1.241754 -2.987640 2.326344
 4.740000 -1.022436 -2.863392 3.317786
 4.760000 -0.910913 -2.808566 3.351153
 4.780000 -0.938813 -2.805082 3.371550
 4.800000 -0.922824 -2.776344 3.362026
 4.820000 -0.896184 -2.755174 3.333424
 4.840000 -1.001716 -2.735625 3.348170
 4.860000 -1.177701 -2.681050 2.724417
 4.880000 -1.268616 -2.776973 2.144885
 4.900000 -1.219378 -2.902523 2.472143
 4.920000 -1.201995 -2.980135 2.580825
 4.940000 -1.245864 -3.028042 2.298968
 4.960000 -1.287367 -3.139501 2.015655
 4.980000 -1.168010 -3.102308 2.778610
 5.000000 -1.141717 -2.993202 2.915617
 5.020000 -1.292847 -2.997627 2.871967
 5.040000 -1.375241 -3.112210 2.109726
 5.060000 -1.182145 -3.133931 3.758586
 5.080000 -1.099712 -3.126966 4.158980
 5.100000 -1.173380 3.100006 3.813814
 5.120000 -1.051563 2.961345 4.261160
 5.140000 -0.733916 2.774511 3.161771
 5.160000 -0.673988 2.805471 2.801477
 5.180000 -0.874162 2.936191 3.904006
 5.200000 -0.940114 2.909905 4.147636
 5.220000 -0.949777 2.829474 4.174133
 5.240000 -1.139143 2.889142 4.001713
 5.260000 -1.319248 3.066463 2.628861
 5.280000 -1.219152 3.118210 3.496877
 5.300000 -0.993718 3.037621 4.257819
 5.320000 -0.932329 3.027662 4.124375
 5.340000 -0.959252 3.135032 4.197438
 5.360000 -0.787640 -3.139732 3.468922
 5.380000 -0.507473 3.075038 1.771513
 5.400000 -0.498869 3.106049 1.719540
 5.420000 -0.645972 3.113859 2.629115
 5.440000 -0.591031 3.029407 2.287546
 5.460000 -0.518903 2.934954 1.841042
 5.480000 -0.781206 2.978660 3.433227
 5.500000 -1.108589 2.957492 4.129309
 5.520000 -1.057375 2.861451 4.254053
 5.540000 -0.895363 2.753378 3.992955
 5.560000 -0.864396 2.756986 3.860200
 5.580000 -0.751078 2.809200 3.261935
 5.600000 -0.531703 2.686594 1.919462
 5.620000 -0.508998 2.506716 1.780760
 5.640000 -0.678223 2.429613 2.827358
 5.660000 -0.708513 2.477452 3.010773
 5.680000 -0.487210 2.456118 1.649692
 5.700000 -0.478505 2.512072 1.598021
 5.720000 -0.772181 2.576115 3.382602
 5.740000 -1.060293 2.640611 4.249949
 5.760000 -1.154848 2.646253 3.921200
 5.780000 -1.220629 2.729258 3.485559
 5.800000 -1.439228 2.922275 1.552489
 5.820000 -1.539061 2.993415 0.851194
 5.840000 -1.365353 2.915631 2.200431
 5.860000 -1.177278 2.815686 3.789593
 5.880000 -1.228009 2.826796 3.428106
 5.900000 -1.226536 2.810900 3.439692
 5.920000 -0.936821 2.657002 4.138000
 5.940000 -0.816370 2.588987 3.623633
 5.960000 -1.043961 2.683867 4.268333
 5.980000 -1.114704 2.766360 4.106916
 6.000000 -0.834682 2.732261 3.717546
 6.020000 -0.670505 2.795923 3.619399
 6.040000 -0.852105 2.939005 4.841484
 6.060000 -1.046847 2.975776 4.992237
 6.080000 -1.122335 2.882785 4.613844
 6.100000 -1.183232 2.820723 4.145496
 6.120000 -1.245185 2.932805 3.559395
 6.140000 -1.183141 3.026391 4.146290
 6.160000 -1.015756 2.990890 5.075437
 6.180000 -1.037265 2.939954 5.022488
 6.200000 -1.277141 3.034301 3.230839
 6.220000 -1.372689 3.038633 2.235827
 6.240000 -1.240600 2.943684 3.605460
 6.260000 -1.233033 2.934507 3.680718
 6.280000 -1.382364 3.006844 2.139410
 6.300000 -1.225740 2.976274 3.752271
 6.320000 -0.827842 2.852293 4.723762
 6.340000 -0.655532 2.872292 3.493561
 6.360000 -0.767718 2.969332 4.361854
 6.380000 -0.787755 2.883704 4.492581
 6.400000 -0.732451 2.699916 4.110835
 6.420000 -0.932778 2.722596 5.089822
 6.440000 -1.230210 2.856842 3.708540
 6.460000 -1.222907 2.849159 3.779790
 6.480000 -1.158689 2.791093 4.349593
 6.500000 -1.353158 2.735919 2.434444
 6.520000 -1.577968 2.660927 0.659715
 6.540000 -1.539555 2.499888 0.867917
 6.560000 -1.419869 2.405560 1.781487
 6.580000 -1.448440 2.427420 1.529245
 6.600000 -1.394898 2.426248 2.016805
 6.620000 -1.285296 2.503375 3.145491
 6.640000 -1.120115 2.609204 4.628373
 6.660000 -1.000140 2.627388 5.100941
 6.680000 -0.996408 2.748295 5.105436
 6.700000 -0.979276 3.005887 5.118221
 6.720000 -0.868608 -3.047073 4.910959
 6.740000 -0.831806 -2.892511 4.744210
 6.760000 -0.961847 -2.763624 5.118197
 6.780000 -1.063411 -2.574716 4.930292
 6.800000 -1.069068 -2.415363 4.906354
 6.820000 -1.158787 -2.554832 4.348811
 6.840000 -1.278805 -2.710467 3.213453
 6.860000 -1.232508 -2.733329 3.685902
 6.880000 -1.183363 -2.874865 4.144361
 6.900000 -1.194569 -3.071104 4.045115
 6.920000 -1.083552 -3.134948 4.838698
 6.940000 -1.037428 -3.130442 5.022007
 6.960000 -1.145614 3.036336 4.450178
 6.980000 -1.291996 2.858891 3.075105
 7.000000 -1.399660 2.773427 1.970970
 7.020000 -1.557263 2.771568 1.679354
 7.040000 -1.609619 2.582585 1.299855
 7.060000 -1.630203 2.347007 1.166022
 7.080000 -1.692325 2.314225 0.816617
 7.100000 -1.644050 2.373110 1.081031
 7.120000 -1.524097 2.268982 1.946566
 7.140000 -1.504256 2.214977 2.115137
 7.160000 -1.596769 2.323421 1.387892
 7.180000 -1.439491 2.352174 2.705111
 7.200000 -1.339780 2.417236 3.654457
 7.220000 -1.437168 2.673728 2.726975
 7.240000 -1.330354 2.929633 3.742420
 7.260000 -1.079323 3.091478 5.349143
 7.280000 -0.959917 -3.036298 5.354346
 7.300000 -0.946087 -2.812805 5.321774
 7.320000 -0.904890 -2.653179 5.187880
 7.340000 -0.955371 -2.709634 5.344352
 7.360000 -1.086611 -2.801881 5.331424
 7.380000 -1.233050 -2.680437 4.571912
 7.400000 -1.407187 -2.718180 3.011915
 7.420000 -1.538352 -2.981951 1.829356
 7.440000 -1.553551 3.075304 1.708283
 7.460000 -1.540013 2.984295 1.815927
 7.480000 -1.430567 2.863860 2.789306
 7.500000 -1.246497 2.732690 4.468716
 7.520000 -1.187924 2.651016 4.881952
 7.540000 -1.327316 2.658491 3.770581
 7.560000 -1.362399 2.535255 3.440582
 7.580000 -1.288961 2.357576 4.116090
 7.600000 -1.477319 2.436270 2.355775
 7.620000 -1.526326 2.599313 1.928017
 7.640000 -1.254062 2.734813 4.408724
 7.660000 -0.897754 2.897029 5.159349
 7.680000 -0.824584 -3.118233 4.785593
 7.700000 -0.897254 -2.854060 5.157294
 7.720000 -0.939480 -2.737627 5.303960
 7.740000 -0.983496 -2.782495 5.394724
 7.760000 -1.151028 -2.698574 5.088020
 7.780000 -1.402990 -2.594215 3.052077
 7.800000 -1.535145 -2.823893 1.855425
 7.820000 -1.485688 -3.121256 2.280578
 7.840000 -1.486816 3.001505 2.270515
 7.860000 -1.412575 2.900554 2.960421
 7.880000 -1.093797 2.646287 5.311967
 7.900000 -0.864930 2.453100 5.009244
 7.920000 -1.010472 2.514705 5.416601
 7.940000 -1.201146 2.633942 4.797319
 7.960000 -1.175547 2.561160 4.956153
 7.980000 -1.301082 2.627516 4.009182
 8.000000 -1.631681 2.815753 1.156754
 8.020000 -1.685703 2.904997 1.971626
 8.040000 -1.392390 2.872459 3.879856
 8.060000 -1.120547 2.800036 5.364367
 8.080000 -1.160076 2.867161 5.235516
 8.100000 -1.051025 2.838242 5.476057
 8.120000 -0.754165 2.775646 4.310483
 8.140000 -0.496437 2.769322 2.121823
 8.160000 -0.622904 2.915337 3.222279
 8.180000 -0.873762 3.046161 5.064186
 8.200000 -0.811296 3.090470 4.708628
 8.220000 -0.670192 -3.129564 3.632555
 8.240000 -0.801221 -3.008526 4.643020
 8.260000 -1.064588 -2.925641 5.466398
 8.280000 -1.132056 -2.936112 5.331457
 8.300000 -1.049065 -3.100346 5.476955
 8.320000 -0.947760 3.026931 5.353273
 8.340000 -0.763342 2.922790 4.378474
 8.360000 -0.624295 2.824653 3.234503
 8.380000 -0.574701 2.817135 2.796926
 8.400000 -0.507403 2.865949 2.213058
 8.420000 -0.520322 2.918320 2.324273
 8.440000 -0.766935 3.030647 4.404701
 8.460000 -1.169675 3.141220 5.197756
 8.480000 -1.374899 -3.136907 3.998749
 8.500000 -1.295202 3.118967 4.525473
 8.520000 -1.221686 3.080848 4.954680
 8.540000 -1.218762 3.098693 4.969910
 8.560000 -1.156105 2.939688 5.250428
 8.580000 -0.946713 2.709791 5.350296
 8.600000 -0.785122 2.608706 4.533901
 8.620000 -0.847751 2.645361 4.927419
 8.640000 -0.913975 2.660864 5.240621
 8.660000 -0.830824 2.597244 4.829589
 8.680000 -0.853004 2.646795 4.956399
 8.700000 -1.081091 2.790027 5.446598
 8.720000 -1.333828 2.936490 4.274734
 8.740000 -1.327500 3.011012 4.316564
 8.760000 -1.382480 3.015539 3.947266
 8.780000 -1.565944 2.943592 2.721835
 8.800000 -1.571398 2.814199 2.686812
 8.820000 -1.316550 2.614334 4.388326
 8.840000 -1.095718 2.449923 5.421770
 8.860000 -1.108862 2.461346 5.393735
 8.880000 -1.143933 2.413731 5.293466
 8.900000 -1.203754 2.315405 5.045318
 8.920000 -1.399689 2.272058 3.830166
 8.940000 -1.538078 2.364826 2.902008
 8.960000 -1.591107 2.533366 2.560893
 8.980000 -1.513337 2.527020 3.063689
 9.000000 -1.492172 2.470201 3.205551
 9.020000 -1.482527 2.548590 4.330811
 9.040000 -1.319809 2.737707 5.204215
 9.060000 -1.037272 2.723105 5.682505
 9.080000 -0.891248 2.734702 5.205403
 9.100000 -0.969773 2.936485 5.527719
 9.120000 -0.878915 3.085472 5.141641
 9.140000 -0.590570 3.041878 2.936978
 9.160000 -0.462654 3.045233 1.849218
 9.180000 -0.625681 -3.081791 3.249297
 9.200000 -0.719531 -3.042683 4.049496
 9.220000 -0.672109 3.111592 3.653762
 9.240000 -0.762067 2.902763 4.384038
 9.260000 -1.052534 2.920096 5.701481
 9.280000 -1.145386 3.003195 5.694237
 9.300000 -0.963417 2.776708 5.507215
 9.320000 -0.778278 2.452127 4.503999
 9.340000 -0.800327 2.499912 4.660162
 9.360000 -0.683991 2.694705 3.754970
 9.380000 -0.488053 2.493532 2.052907
 9.400000 -0.602379 2.345278 3.041310
 9.420000 -0.929661 2.402002 5.381589
 9.440000 -1.006847 2.430249 5.627051
 9.460000 -0.794637 2.236225 4.620668
 9.480000 -0.917318 2.279165 5.328751
 9.500000 -1.363423 2.492385 5.006347
 9.520000 -1.534905 2.460064 3.969019
 9.540000 -1.481368 2.327067 4.338350
 9.560000 -1.436723 2.350489 4.614250
 9.580000 -1.380924 2.461266 4.919516
 9.600000 -1.116865 2.366320 5.718135
 9.620000 -0.959998 2.319052 5.495767
 9.640000 -1.122099 2.539934 5.715134
 9.660000 -1.165512 2.750813 5.666585
 9.680000 -1.013445 2.774017 5.641075
 9.700000 -0.870987 2.735433 5.098870
 9.720000 -0.911193 2.836789 5.301190
 9.740000 -0.867945 2.890766 5.082091
 9.760000 -0.640354 2.804045 3.378319
 9.780000 -0.524578 2.716062 2.360601
 9.800000 -0.781333 2.791111 4.526133
 9.820000 -1.050878 2.906198 5.699706
 9.840000 -1.069491 2.859342 5.715707
 9.860000 -1.118071 2.826991 5.717499
 9.880000 -1.393229 2.928202 4.855926
 9.900000 -1.474931 3.042862 4.379883
 9.920000 -1.210370 3.038337 5.575150
 9.940000 -0.910136 2.992107 5.296348
 9.960000 -0.881631 3.076829 5.155972
 9.980000 -0.815273 3.140847 4.761112
 10.000000 -0.582256 3.063062 2.863559
 10.020000 -0.476712 2.986994 2.944963
 10.040000 -0.641782 2.973903 4.436486
 10.060000 -0.847614 2.878284 5.577323
 10.080000 -0.949644 2.800760 5.824719
 10.100000 -0.912315 2.901776 5.756298
 10.120000 -0.869760 3.048246 5.647405
 10.140000 -0.826347 3.033119 5.501079
 10.160000 -0.879886 2.961913 5.676355
 10.180000 -1.047894 2.979481 5.886175
 10.200000 -1.115218 2.950111 5.829817
 10.220000 -1.023206 2.835362 5.886859
 10.240000 -0.868113 2.694987 5.642514
 10.260000 -0.897205 2.656946 5.721449
 10.280000 -0.933900 2.665707 5.798909
 10.300000 -0.897742 2.622628 5.722760
 10.320000 -0.980233 2.614980 5.862237
 10.340000 -1.161300 2.658207 5.746668
 10.360000 -1.190304 2.689928 5.676805
 10.380000 -1.059202 2.658688 5.882257
 10.400000 -1.058614 2.612139 5.882516
 10.420000 -1.237906 2.586061 5.534801
 10.440000 -1.212293 2.527228 5.615295
 10.460000 -1.043809 2.552452 5.887034
 10.480000 -0.898668 2.592643 5.725005
 10.500000 -0.985534 2.651758 5.867048
 10.520000 -1.187380 2.630376 5.684436
 10.540001 -1.287008 2.595140 5.355376
 10.560001 -1.212152 2.586464 5.615713
 10.580001 -1.121380 2.611039 5.820746
 10.600001 -1.180566 2.644901 5.701717
 10.620001 -1.229955 2.510425 5.560784
 10.640001 -1.291429 2.419770 5.337671
 10.660001 -1.404091 2.435363 4.802894
 10.680001 -1.367506 2.572338 4.994219
 10.700001 -1.086014 2.593114 5.863968
 10.720001 -0.854025 2.479201 5.598579
 10.740001 -0.892798 2.378410 5.710501
 10.760001 -0.885068 2.332526 5.690430
 10.780001 -0.593839 2.266590 4.040426
 10.800001 -0.317119 2.144059 1.497934
 10.820001 -0.408126 2.129952 2.287376
 10.840001 -0.574960 2.228250 3.874471
 10.860001 -0.488985 2.336984 3.063919
 10.880001 -0.391557 2.451634 2.134084
 10.900001 -0.637181 2.683886 4.400561
 10.920001 -0.997569 2.876046 5.876117
 10.940001 -0.977390 2.846630 5.859451
 10.960001 -0.775442 2.895850 5.281369
 10.980001 -0.794325 2.974494 5.369150
 11.000001 -0.795816 3.004175 5.375762
 11.020001 -0.593763 2.859776 4.744781
 11.040001 -0.449328 2.750422 3.053748
 11.060001 -0.576543 2.807557 4.553858
 11.080001 -0.642892 2.898468 5.255648
 11.100001 -0.558551 2.897216 4.348847
 11.120001 -0.600663 2.896802 4.819602
 11.140001 -0.976994 3.088528 6.610663
 11.160001 -1.298610 -3.038155 5.437710
 11.180001 -1.299912 -3.061293 5.430976
 11.200001 -1.216283 3.083146 5.840949
 11.220001 -1.361706 3.028969 5.098385
 11.240001 -1.416871 2.993188 4.776597
 11.260001 -1.158044 2.830458 6.095800
 11.280001 -0.842169 2.730626 6.519320
 11.300001 -0.810316 2.873130 6.413335
 11.320001 -0.873428 -3.137688 6.589463
 11.340001 -0.781004 -3.000244 6.283623
 11.360001 -0.648149 -2.934456 5.306357
 11.380001 -0.829780 -2.743025 6.482341
 11.400001 -1.090794 -2.548456 6.346612
 11.420001 -1.176125 -2.436343 6.019870
 11.440001 -1.157219 -2.460046 6.099187
 11.460001 -1.189960 -2.442153 5.959741
 11.480001 -1.247181 -2.494983 5.694906
 11.500001 -1.101473 -2.724986 6.310577
 11.520001 -0.980620 -3.065582 6.606278
 11.540001 -0.988946 3.069356 6.595067
 11.560001 -1.059691 2.925818 6.441951
 11.580001 -1.175249 2.687152 6.023618
 11.600001 -1.434213 2.436487 4.669662
 11.620001 -1.660733 2.266528 2.972827
 11.640001 -1.660429 2.298072 2.975413
 11.660001 -1.298179 2.275513 5.439935
 11.680001 -1.091717 2.382803 6.343559
 11.700001 -1.019208 2.483314 6.541578
 11.720001 -0.899246 2.620597 6.623565
 11.740001 -0.736330 2.746571 6.023262
 11.760001 -0.666005 2.854659 5.472420
 11.780001 -0.861333 3.032501 6.566178
 11.800001 -0.959247 -3.107580 6.627589
 11.820001 -0.916344 -2.987516 6.634988
 11.840001 -0.941156 -2.885511 6.636725
 11.860001 -1.110574 -2.891947 6.278640
 11.880001 -1.268116 -2.970843 5.592265
 11.900001 -1.280761 -3.123159 5.528898
 11.920001 -1.228608 3.085636 5.783500
 11.940001 -1.103959 2.995607 6.301962
 11.960001 -0.828983 2.718082 6.479779
 11.980001 -0.706325 2.559860 5.809393
 12.000001 -0.697377 2.588700 5.739391
 12.020001 -0.812414 2.653177 7.288450
 12.040001 -1.047441 2.598774 6.836826
 12.060001 -1.509922 2.719302 4.166647
 12.080001 -1.864250 2.889389 1.335382
 12.100001 -1.819335 3.047235 1.658982
 12.120001 -1.591336 2.928767 3.547054
 12.140001 -1.421333 2.727197 4.763924
 12.160001 -1.225119 2.581079 5.903713
 12.180001 -0.955851 2.435716 7.194743
 12.200001 -0.691163 2.294343 6.652685
 12.220001 -0.658931 2.217438 6.360316
 12.240001 -0.874966 2.258161 7.341005
 12.260001 -1.039057 2.368187 6.875254
 12.280001 -0.994509 2.503262 7.062336
 12.300001 -0.975605 2.705918 7.131131
 12.320001 -1.141092 2.991943 6.363525
 12.340001 -1.299190 -3.118598 5.487881
 12.360001 -1.202821 -3.118160 6.027247
 12.380001 -1.077023 3.117189 6.694927
 12.400001 -0.969394 3.083714 7.152095
 12.420001 -0.693210 2.950562 6.669549
 12.440001 -0.461185 2.814313 3.810253
 12.460001 -0.430101 2.866402 3.374575
 12.480001 -0.370353 2.901076 2.582580
 12.500001 -0.160796 2.763343 0.692425
 12.520001 -0.160217 2.666124 0.689352
 12.540001 -0.479139 2.724806 4.065106
 12.560001 -0.677428 2.849045 6.534189
 12.580001 -0.627323 2.831659 6.027648
 12.600001 -0.656125 2.861161 6.332561
 12.620001 -0.943394 3.048228 7.229975
 12.640001 -1.172278 3.081439 6.194932
 12.660001 -1.099390 2.912043 6.582278
 12.680001 -1.088308 2.849657 6.638587
 12.700001 -1.316815 3.063851 5.387353
 12.720001 -1.399752 3.064662 4.897935
 12.740001 -0.980010 2.825887 7.115752
 12.760001 -0.547909 2.696100 5.031513
 12.780001 -0.440991 2.931045 3.526022
 12.800001 -0.352387 2.993677 2.361728
 12.820001 -0.195462 2.734880 0.898681
 12.840001 -0.170182 2.525312 0.743715
 12.860001 -0.353571 2.594032 2.375980
 12.880001 -0.296215 2.629097 1.737537
 12.900001 0.154052 2.443087 0.028234
 12.920001 0.688092 2.259604 0.000000
 12.940001 0.638790 2.402192 0.000000
 12.960001 0.432761 2.584892 0.000000
 12.980001 0.659416 2.457766 0.000000
 13.000001 1.164210 2.132158 0.000000
 13.020001 1.229441 2.136106 1.159839
 13.040001 1.185689 2.158819 1.195579
 13.060001 1.332622 2.136295 0.956398
 13.080001 1.468449 1.976799 0.572255
 13.100001 1.265455 2.094408 1.105520
 13.120001 1.081337 2.254564 1.135846
 13.140001 1.187210 2.248475 1.194932
 13.160001 1.093184 2.163371 1.152536
 13.180001 0.872748 2.242164 0.608184
 13.200001 0.796893 2.220628 0.407770
 13.220001 0.956660 2.000018 0.850192
 13.240001 0.903491 1.917371 0.696651
 13.260001 0.807112 2.039161 0.432650
 13.280001 0.887406 1.947181 0.650092
 13.300001 1.131888 1.749660 1.190013
 13.320001 1.159585 1.759243 1.199795
 13.340001 0.926094 1.924415 0.762410
 13.360001 1.007194 1.921793 0.985200
 13.380001 1.116874 1.903899 1.178681
 13.400001 0.957402 1.915826 0.852284
 13.420001 0.637960 1.936144 0.130917
 13.440001 0.752802 1.871740 0.309831
 13.460001 0.872529 1.760391 0.607563
 13.480001 0.699268 1.783037 0.212877
 13.500001 0.550971 1.774795 0.059239
 13.520001 0.652249 1.867955 0.147415
 13.540001 0.864000 1.856846 0.583515
 13.560001 0.847854 2.072733 0.538846
 13.580001 0.958898 2.179499 0.856499
 13.600001 1.147973 2.317284 1.197472
 13.620001 1.339013 2.390135 0.939764
 13.640001 1.417661 2.451916 0.717789
 13.660001 1.388724 2.495904 0.801770
 13.680001 1.385581 2.598085 0.810810
 13.700001 1.376775 2.760514 0.835980
 13.720001 1.359608 2.821898 0.884156
 13.740001 1.303188 2.841259 1.028191
 13.760001 1.269277 2.764144 1.098569
 13.780001 1.211167 2.776706 1.179017
 13.800001 1.236428 2.804961 1.150962
 13.820001 1.386861 2.830234 0.807133
 13.840001 1.375934 2.908667 0.838371
 13.860001 1.177496 2.957084 1.198307
 13.880001 1.001024 3.050230 0.969751
 13.900001 1.004858 3.065046 0.979394
 13.920001 0.957810 3.050057 0.853436
 13.940001 0.804000 3.039869 0.424992
 13.960001 0.720538 3.025753 0.248469
 13.980001 0.784694 3.017509 0.379107
 14.000001 0.785050 2.997726 0.379928
 14.020001 0.671449 2.988949 1.238716
 14.040001 0.641399 2.894404 1.137485
 14.060001 0.796271 2.758797 1.587809
 14.080001 0.972978 2.705525 1.787240
 14.100001 1.078998 2.753783 1.724766
 14.120001 1.051327 2.752021 1.754415
 14.140001 1.018826 2.749878 1.777160
 14.160001 1.020183 2.788073 1.776471
 14.180001 1.053636 2.839466 1.752303
 14.200001 0.922938 2.945245 1.769073
 14.220001 0.820887 3.049655 1.637995
 14.240001 0.857431 3.134039 1.699368
 14.260001 0.934187 -3.037386 1.775804
 14.280001 0.975875 -2.995745 1.787361
 14.300001 0.986356 -3.028599 1.786947
 14.320001 0.920304 -3.115591 1.767275
 14.340001 0.885905 -3.121441 1.736061
 14.360001 0.996998 3.095071 1.785158
 14.380001 1.049022 2.969871 1.756457
 14.400001 0.857051 2.939054 1.698812
 14.420001 0.631664 3.087959 1.103921
 14.440001 0.677613 -3.106323 1.258919
 14.460001 0.887788 3.127216 1.738141
 14.480001 1.001742 -3.110041 1.783915
 14.500001 0.875725 -2.779012 1.724070
 14.520001 0.853531 -2.650586 1.693579
 14.540001 1.035524 -2.731543 1.767100
 14.560001 1.151195 -2.746491 1.603046
 14.580001 1.042105 -2.545175 1.762192
 14.600001 1.066721 -2.453608 1.739091
 14.620001 1.281128 -2.626527 1.240836
 14.640001 1.259392 -2.608837 1.311606
 14.660001 1.057588 -2.545979 1.748537
 14.680001 1.025515 -2.493581 1.773542
 14.700001 1.253806 -2.632897 1.329275
 14.720001 1.363837 -2.621554 0.953512
 14.740001 1.279287 -2.563757 1.246943
 14.760001 1.212937 -2.553927 1.450804
 14.780001 1.280490 -2.562868 1.242955
 14.800001 1.354151 -2.581520 0.987791
 14.820001 1.338142 -2.494744 1.044387
 14.840001 1.221160 -2.484700 1.427542
 14.860001 1.122222 -2.448369 1.659515
 14.880001 1.183137 -2.503071 1.529448
 14.900001 1.192425 -2.544622 1.505926
 14.920001 1.057236 -2.569550 1.748880
 14.940001 1.010497 -2.642410 1.780900
 14.960001 1.155824 -2.757511 1.593102
 14.980001 1.317921 -2.910958 1.115321
 15.000001 1.253444 -2.934056 1.330412
 15.020001 1.151119 -2.924968 2.652127
 15.040001 1.088016 -2.920859 2.629358
 15.060001 0.991777 -3.081909 2.445733
 15.080001 0.783809 -3.085794 1.755132
 15.100001 0.575318 -2.988967 0.935536
 15.120001 0.680945 -2.928987 1.352613
 15.140001 0.975010 -2.938449 2.400771
 15.160001 1.164691 -2.865824 2.644270
 15.180001 1.104706 -2.771732 2.644287
 15.200001 1.073870 -2.730355 2.612194
 15.220001 1.103782 -2.652191 2.643618
 15.240001 1.102410 -2.491262 2.642590
 15.260001 0.957185 -2.341041 2.349956
 15.280001 0.942234 -2.385100 2.305237
 15.300001 1.110495 -2.391284 2.648043
 15.320001 1.217886 -2.300702 2.565968
 15.340001 1.092676 -2.225377 2.634123
 15.360001 0.951814 -2.367589 2.334097
 15.380001 0.936826 -2.496294 2.288638
 15.400001 0.978412 -2.543609 2.410130
 15.420001 1.107705 -2.639617 2.646326
 15.440001 1.286154 -2.815929 2.354907
 15.460001 1.474070 -2.994134 1.355865
 15.480001 1.600495 -3.006589 0.702686
 15.500001 1.651401 -2.917266 0.503891
 15.520001 1.564804 -2.969800 0.866675
 15.540001 1.364200 -2.968750 1.986180
 15.560001 1.156529 -2.817783 2.649569
 15.580001 1.093300 -2.619711 2.634727
 15.600001 1.067765 -2.551893 2.603582
 15.620001 0.942608 -2.489272 2.306378
 15.640001 0.913573 -2.472728 2.214975
 15.660001 1.144341 -2.467191 2.654271
 15.680001 1.466376 -2.434020 1.400466
 15.700001 1.578693 -2.437634 0.800566
 15.720001 1.315470 -2.439060 2.229842
 15.740001 1.162606 -2.552533 2.645790
 15.760001 1.330001 -2.469410 2.161370
 15.780001 1.603007 -2.410921 0.691885
 15.800001 1.600691 -2.378082 0.701837
 15.820001 1.266261 -2.526328 2.428642
 15.840001 0.925948 -2.659921 2.254619
 15.860001 0.847119 -2.535648 1.988106
 15.880001 0.985724 -2.493447 2.429845
 15.900001 0.960022 -2.669898 2.358235
 15.920001 0.690512 -2.880144 1.390827
 15.940001 0.544758 -2.776076 0.821436
 15.960001 0.729675 -2.705120 1.546052
 15.980001 0.895057 -2.755489 2.153966
 16.000001 0.849018 -2.846492 1.994868
 16.020001 0.869226 -2.731182 3.174251
 16.040001 1.333404 -2.577798 2.314958
 16.060001 1.846331 -2.505608 0.097536
 16.080001 1.769053 -2.282162 0.200263
 16.100001 1.347261 -2.140731 2.227809
 16.120001 1.270679 -2.151952 2.681238
 16.140001 1.632690 -2.232408 0.580191
 16.160001 1.752072 -2.006858 0.231658
 16.180001 1.576937 -1.877517 0.824807
 16.200001 1.363929 -1.977786 2.120969
 16.220001 1.217304 -1.960722 2.942958
 16.240001 1.128187 -1.800190 3.250853
 16.260001 1.128869 -1.818697 3.249147
 16.280001 1.155882 -2.073737 3.173440
 16.300001 1.062176 -2.211872 3.368199
 16.320001 1.016394 -2.169515 3.394659
 16.340001 1.034115 -2.110060 3.389713
 16.360001 0.941077 -2.232364 3.340804
 16.380001 0.787114 -2.339704 2.846050
 16.400001 0.828559 -2.268926 3.029567
 16.420001 1.245185 -2.392610 2.812844
 16.440001 1.576665 -2.569735 0.826132
 16.460001 1.500792 -2.627300 1.240746
 16.480001 1.354049 -2.494536 2.184536
 16.500001 1.425883 -2.463366 1.714861
 16.520001 1.462760 -2.508668 1.476135
 16.540001 1.252288 -2.538162 2.777338
 16.560001 1.029154 -2.512724 3.391771
 16.580001 1.011642 -2.539001 3.394849
 16.600001 1.019407 -2.544635 3.394290
 16.620001 0.855488 -2.507762 3.129412
 16.640001 0.620472 -2.596386 1.843459
 16.660001 0.544001 -2.721899 1.346954
 16.680001 0.774021 -2.865578 2.780992
 16.700001 1.152015 -3.048603 3.185252
 16.720001 1.519184 2.961006 1.132662
 16.740001 1.710939 2.802937 0.326493
 16.760001 1.636234 2.814003 0.566489
 16.780001 1.342550 2.805368 2.257632
 16.800001 0.994901 2.835247 3.391687
 16.820001 0.470162 2.976585 0.921615
 16.840001 -0.071330 -3.115129 0.332137
 16.860001 -0.348691 -3.089359 2.317474
 16.880001 -0.420649 -3.133771 3.244515
 16.900001 -0.797009 -2.987127 7.248602
 16.920001 -1.271576 -2.788649 5.643971
 16.940001 -1.460415 -2.699271 4.511312
 16.960001 -1.433234 -2.745271 4.688444
 16.980001 -1.625541 -2.816393 3.268254
 17.000001 -1.783991 -2.685184 1.934408
 17.020001 -1.703465 -2.647770 3.665441
 17.040001 -1.554862 -2.839164 4.566883
 17.060001 -1.502639 -2.929442 4.809933
 17.080001 -1.435124 -2.830658 5.097312
 17.100001 -1.213158 -2.996814 6.052301
 17.120001 -0.921831 3.013597 7.283896
 17.140001 -0.765787 2.928004 7.132281
 17.160001 -0.784424 2.857490 7.207538
 17.180001 -0.772850 2.612891 7.162855
 17.200001 -0.670207 2.231182 6.468224
 17.220001 -0.798022 2.049197 7.251573
 17.240001 -0.943290 2.073831 7.234157
 17.260001 -0.940697 1.943489 7.240841
 17.280001 -0.818234 1.706429 7.300589
 17.300001 -1.081815 1.832660 6.692711
 17.320001 -1.454186 2.088004 5.019391
 17.340001 -1.554907 2.153735 4.566660
 17.360001 -1.455818 2.101430 5.012657
 17.380001 -1.499519 2.045143 4.823558
 17.400001 -1.662319 2.105586 3.949457
 17.420001 -1.641517 2.293993 4.082487
 17.440001 -1.375758 2.236570 5.336965
 17.460001 -1.071849 2.107142 6.739660
 17.480001 -0.883466 2.191962 7.335830
 17.500001 -0.709016 2.315957 6.792706
 17.520001 -0.528203 2.195241 4.760215
 17.540001 -0.648753 2.352898 6.257930
 17.560001 -0.924535 2.655890 7.278349
 17.580001 -0.952102 2.830171 7.210155
 17.600001 -0.799989 2.805156 7.257196
 17.620001 -0.837258 2.913591 7.329492
 17.640001 -1.072467 -3.096170 6.736769
 17.660001 -1.146467 -2.920235 6.377865
 17.680001 -1.073394 -2.946644 6.732427
 17.700001 -1.154438 -2.938637 6.338564
 17.720001 -1.254015 -2.752815 5.860358
 17.740001 -1.119973 -2.758647 6.508241
 17.760001 -0.853419 -2.895889 7.341584
 17.780001 -0.738266 -2.880554 6.986982
 17.800001 -0.636866 -2.838871 6.132584
 17.820001 -0.413284 -2.952497 3.144217
 17.840001 -0.079399 -3.050848 0.356306
 17.860001 0.187422 -3.085407 0.118269
 17.880001 0.435606 3.135600 0.751185
 17.900001 0.668010 3.112526 2.156458
 17.920001 0.856330 3.087556 3.132279
 17.940001 1.016703 3.125891 3.394630
 17.960001 1.122506 -3.005141 3.264666
 17.980001 1.102746 -2.908666 3.307247
 18.000001 1.014186 -2.764072 3.394807
 18.020001 0.898778 -2.526451 4.204134
 18.040001 0.843387 -2.447414 3.921191
 18.060001 0.790005 -2.404130 3.565114
 18.080001 0.810633 -2.361302 3.711224
 18.100001 0.883469 -2.264933 4.135771
 18.120001 0.913987 -2.213252 4.264148
 18.140001 0.842752 -2.340783 3.917401
 18.160001 0.701618 -2.469803 2.852100
 18.180001 0.774798 -2.514051 3.451419
 18.200001 1.128423 -2.715998 4.199876
 18.220001 1.386821 -2.967131 2.318837
 18.240001 1.337745 -3.117671 2.744050
 18.260001 1.360825 3.010555 2.544109
 18.280001 1.565371 2.847065 0.975011
 18.300001 1.485935 2.765255 1.508689
 18.320001 1.140495 2.814277 4.146323
 18.340001 1.123968 2.798809 4.218405
 18.360001 1.257068 2.734782 3.410481
 18.380001 1.186356 2.809733 3.900637
 18.400001 1.073505 3.012276 4.379598
 18.420001 1.269021 3.091971 3.317132
 18.440001 1.467148 3.065817 1.652490
 18.460001 1.484952 3.110029 1.516063
 18.480001 1.415876 -3.008162 2.070507
 18.500001 1.374534 -2.956240 2.425145
 18.520001 1.245930 -3.029305 3.495124
 18.540001 1.087679 -3.081957 4.343564
 18.560001 0.977363 -3.089993 4.424699
 18.580001 0.993307 3.129375 4.441521
 18.600001 1.048213 3.005978 4.425401
 18.620001 1.032739 2.930988 4.441553
 18.640001 0.923553 2.891107 4.297749
 18.660001 0.986833 2.809375 4.435853
 18.680001 1.129737 2.744390 4.194285
 18.700001 1.123283 2.702852 4.221194
 18.720001 1.086132 2.635985 4.347853
 18.740001 1.252070 2.618021 3.448754
 18.760001 1.349146 2.591475 2.645435
 18.780001 1.204769 2.567084 3.784726
 18.800001 1.163367 2.541196 4.031857
 18.820001 1.223287 2.468617 3.659297
 18.840001 1.136591 2.306658 4.164172
 18.860001 0.976055 2.381236 4.422892
 18.880001 0.956297 2.503257 4.387765
 18.900001 0.932117 2.353897 4.325061
 18.920001 0.889284 2.238124 4.162663
 18.940001 0.825831 2.404705 3.812222
 18.960001 0.680566 2.524043 2.669952
 18.980001 0.521178 2.642319 1.358577
 19.000001 0.558513 2.684528 1.638489
 19.020001 0.726771 2.609274 3.964449
 19.040001 0.742182 2.598975 4.053813
 19.060001 0.603971 2.863563 3.117172
 19.080001 0.560764 3.069247 2.783308
 19.100001 0.709944 3.091238 3.861704
 19.120001 0.807726 -3.093347 4.377093
 19.140001 0.684060 -2.853671 3.694006
 19.160001 0.437499 -2.578617 1.836297
 19.180001 0.357933 -2.457827 1.293591
 19.200001 0.472180 -2.498422 2.094676
 19.220001 0.652845 -2.545145 3.478168
 19.240001 0.813510 -2.540058 4.400831
 19.260001 1.098786 -2.546550 4.419327
 19.280001 1.254681 -2.661318 3.452166
 19.300001 1.125898 -2.763437 4.296270
 19.320001 0.992178 -2.634411 4.691031
 19.340001 1.069439 -2.441560 4.528225
 19.360001 1.212679 -2.475020 3.768937
 19.380001 1.026219 -2.467326 4.641523
 19.400001 0.673818 -2.443815 3.624707
 19.420001 0.530510 -2.450877 2.546350
 19.440001 0.865987 -2.664587 4.577424
 19.460001 1.200772 -2.859809 3.852241
 19.480001 1.287212 -2.951663 3.186786
 19.500001 1.388141 -3.081033 2.312024
 19.520001 1.660604 3.040336 0.515467
 19.540001 1.837942 3.044691 0.110561
 19.560001 1.819163 -3.044469 0.132851
 19.580001 1.753711 -2.962989 0.241736
 19.600001 1.598970 -3.015765 0.790004
 19.620001 1.326290 -2.923732 2.852645
 19.640001 1.104304 -2.675393 4.396006
 19.660001 1.025239 -2.641311 4.643438
 19.680001 0.866715 -2.673573 4.579366
 19.700001 0.744219 -2.662593 4.065266
 19.720001 0.826073 -2.629342 4.449539
 19.740001 1.112961 -2.699074 4.357636
 19.760001 1.325280 -2.839157 2.861419
 19.780001 1.319198 -2.833157 2.914144
 19.800001 1.266375 -2.877301 3.358473
 19.820001 1.305178 -3.069204 3.034742
 19.840001 1.298645 3.136183 3.090399
 19.860001 1.111055 -3.007693 4.366270
 19.880001 0.974895 -2.872564 4.702846
 19.900001 0.993181 -2.816725 4.690070
 19.920001 0.949294 -2.768552 4.704052
 19.940001 0.654983 -2.575990 3.493377
 19.960001 0.340513 -2.409683 1.187824
 19.980001 0.219109 -2.343457 0.604186
 20.000001 0.304868 -2.438329 0.986870
 20.020001 0.313483 -2.462112 2.188413
 20.040001 0.266101 -2.498148 1.939086
 20.060001 0.264249 -2.547184 1.929354
 20.080001 0.489409 -2.718760 3.106501
 20.100001 0.793292 -2.869840 4.485710
 20.120001 1.033419 -2.978505 4.643113
 20.140001 1.271244 -3.042587 3.318874
 20.160001 1.554831 -3.021298 1.038220
 20.180001 1.690046 -2.924351 0.410750
 20.200001 1.700185 -2.885504 0.379398
 20.220001 1.677169 -2.936854 0.453353
 20.240001 1.663183 -2.953469 0.505747
 20.260001 1.616650 -2.846858 0.702769
 20.280001 1.566244 -2.754778 0.969887
 20.300001 1.596647 -2.786694 0.801981
 20.320001 1.551338 -2.787712 1.059700
 20.340001 1.353599 -2.625265 2.613994
 20.360001 1.157750 -2.337183 4.128677
 20.380001 1.246454 -2.284346 3.516761
 20.400001 1.394289 -2.438010 2.258728
 20.420001 1.223988 -2.427077 3.687001
 20.440001 1.019199 -2.373106 4.674091
 20.460001 1.127292 -2.541934 4.294533
 20.480001 1.281119 -2.715014 3.237564
 20.500001 1.222918 -2.655001 3.694866
 20.520001 1.169833 -2.604275 4.056147
 20.540001 1.293822 -2.759883 3.131220
 20.560001 1.272925 -2.838642 3.305124
 20.580001 1.070564 -2.740309 4.535135
 20.600001 1.015882 -2.755814 4.680501
 20.620001 1.209923 -2.915775 3.788491
 20.640001 1.368375 -2.964511 2.484499
 20.660001 1.356638 -2.880752 2.587357
 20.680001 1.420300 -2.862884 2.036214
 20.700001 1.561926 -2.974732 0.995406
 20.720001 1.674301 -3.071202 0.463276
 20.740001 1.655056 -3.031591 0.536844
 20.760001 1.555086 -2.990283 1.036663
 20.780001 1.531265 -3.082562 1.188258
 20.800001 1.514923 3.082705 1.299143
 20.820001 1.338070 3.131914 2.749966
 20.840001 1.063635 -3.038489 4.558264
 20.860001 0.905837 -2.995264 4.726679
 20.880001 0.882754 -3.038570 4.698411
 20.900001 0.845884 -3.003152 4.629355
 20.920001 0.851162 -2.920563 4.640948
 20.940001 1.033380 -2.904306 4.643205
 20.960001 1.337494 -2.969919 2.754994
 20.980001 1.517094 -2.977605 1.284095
 21.000001 1.614550 -2.923372 0.712766
 21.020001 1.655612 -2.873657 1.686812
 21.040001 1.673844 -2.988012 1.600267
 21.060001 1.715761 -3.095607 1.410747
 21.080001 1.724701 -3.097089 1.370940
 21.100001 1.540510 -3.065472 2.245655
 21.120001 1.248164 -3.043283 3.902427
 21.140001 1.134512 -3.086389 4.442287
 21.160001 1.052332 -3.052820 4.686193
 21.180001 0.911715 -2.854328 4.754368
 21.200001 0.855349 -2.775655 4.661360
 21.220001 1.048510 -2.864480 4.693971
 21.240001 1.214988 -2.809950 4.078020
 21.260001 1.228999 -2.641552 4.005409
 21.280001 1.283294 -2.625877 3.704907
 21.300001 1.355236 -2.713976 3.281566
 21.320001 1.324382 -2.731417 3.464651
 21.340001 1.225067 -2.539458 4.026030
 21.360001 1.256763 -2.428399 3.855015
 21.380001 1.379153 -2.434853 3.139903
 21.400001 1.344505 -2.500270 3.345300
 21.420001 1.109166 -2.472977 4.532606
 21.440001 0.897825 -2.379343 4.737405
 21.460001 1.020630 -2.433900 4.740702
 21.480001 1.196746 -2.469092 4.168673
 21.500001 1.219359 -2.382229 4.055630
 21.520001 1.107068 -2.184933 4.539500
 21.540001 1.237595 -2.200892 3.959706
 21.560001 1.409085 -2.243299 2.964562
 21.580001 1.453441 -2.188224 2.709727
 21.600001 1.493279 -2.198164 2.492286
 21.620001 1.496596 -2.246939 2.474572
 21.640001 1.465332 -2.366730 2.643933
 21.660001 1.315752 -2.478370 3.515619
 21.680001 1.258025 -2.654632 3.848003
 21.700001 1.259238 -2.791040 3.841248
 21.720001 1.260863 -2.902870 3.832173
 21.740001 1.169978 -2.953261 4.295510
 21.760001 1.088433 -2.968803 4.596712
 21.780001 1.121697 -3.053232 4.489548
 21.800001 1.246961 -3.015868 3.909006
 21.820001 1.282057 -2.947027 3.712018
 21.840001 1.218673 -2.758157 4.059164
 21.860001 1.140445 -2.740437 4.419332
 21.880001 1.056717 -2.708963 4.676863
 21.900001 0.938702 -2.587036 4.775601
 21.920001 0.929366 -2.434998 4.770036
 21.940001 1.005589 -2.369293 4.758551
 21.960001 0.954214 -2.492106 4.780611
 21.980001 0.813580 -2.467500 4.553786
 22.000001 0.922382 -2.512012 4.764635
 22.020001 1.103812 -2.501097 5.318811
 22.040001 1.183497 -2.649305 4.813669
 22.060001 1.130012 -2.614594 5.167834
 22.080001 1.172198 -2.572422 4.892809
 22.100001 1.222143 -2.530131 4.528752
 22.120001 1.284727 -2.673383 4.046618
 22.140001 1.312946 -2.728254 3.827403
 22.160001 1.321183 -2.625904 3.763848
 22.180001 1.457826 -2.610895 2.786324
 22.200001 1.555193 -2.718179 2.211968
 22.220001 1.458340 -2.875808 2.783028
 22.240001 1.254830 -2.798614 4.278955
 22.260001 1.337475 -2.775198 3.639120
 22.280001 1.580181 -2.704624 2.078547
 22.300001 1.610304 -2.634543 1.923591
 22.320001 1.545625 -2.569983 2.264379
 22.340001 1.493648 -2.609067 2.563817
 22.360001 1.412591 -2.645242 3.090542
 22.380001 1.354499 -2.522407 3.510546
 22.400001 1.507416 -2.513477 2.481923
 22.420001 1.595292 -2.505380 2.000077
 22.440001 1.481297 -2.476662 2.638970
 22.460001 1.380510 -2.403848 3.318517
 22.480001 1.424559 -2.418298 3.008285
 22.500001 1.333783 -2.443459 3.667256
 22.520001 1.138768 -2.520395 5.113740
 22.540001 1.006972 -2.643185 5.701866
 22.560001 0.968662 -2.698789 5.763855
 22.580001 1.031640 -2.812300 5.633643
 22.600001 1.115404 -2.964508 5.254123
 22.620001 1.197858 -3.062660 4.708430
 22.640001 1.303603 3.130854 3.899785
 22.660001 1.464559 -3.065705 2.743439
 22.680001 1.533647 -2.989021 2.331109
 22.700001 1.479558 -2.897767 2.649683
 22.720001 1.486412 -2.901298 2.607648
 22.740001 1.451882 -2.747983 2.824596
 22.760001 1.233926 -2.541414 4.439524
 22.780001 1.027971 -2.438642 5.645147
 22.800001 1.100759 -2.538415 5.335265
 22.820001 1.183409 -2.523787 4.814290
 22.840001 1.144703 -2.333446 5.076124
 22.860001 1.290485 -2.420575 4.001779
 22.880001 1.397721 -2.512391 3.194902
 22.900001 1.329887 -2.612006 3.697032
 22.920001 1.232699 -2.562862 4.448865
 22.940001 1.281964 -2.633772 4.068133
 22.960001 1.330616 -2.637899 3.691458
 22.980001 1.322640 -2.620866 3.752642
 23.000001 1.326335 -2.645260 3.724256
 23.020001 1.291640 -2.744063 5.023752
 23.040001 1.227360 -2.923079 5.451858
 23.060001 0.999078 -3.047756 6.160993
 23.080001 0.666113 3.023483 4.601803
 23.100001 0.288379 2.876336 2.097018
 23.120001 0.073777 2.827988 1.032211
 23.140001 -0.147601 2.824641 0.870452
 23.160001 -0.450112 2.864717 3.666032
 23.180001 -0.687365 2.959094 6.620844
 23.200001 -0.814695 3.023871 7.293396
 23.220001 -0.834163 3.043084 7.325891
 23.240001 -0.885928 2.981489 7.333832
 23.260001 -1.087045 2.895247 6.667826
 23.280001 -1.365214 2.774812 5.379897
 23.300001 -1.517566 2.762696 4.743480
 23.320001 -1.494965 2.757325 4.843289
 23.340001 -1.327426 2.731785 5.536712
 23.360001 -1.165537 2.732585 6.283905
 23.380001 -1.143563 2.755872 6.392183
 23.400001 -1.116637 2.804148 6.524579
 23.420001 -1.011366 2.710174 7.004682
 23.440001 -1.042672 2.668011 6.872526
 23.460001 -1.243521 2.698102 5.908908
 23.480001 -1.318639 2.767723 5.574013
 23.500001 -1.088652 2.743110 6.660147
 23.520001 -0.877001 2.700168 7.340013
 23.540001 -0.801595 2.823389 7.261650
 23.560001 -0.772714 2.894119 7.162291
 23.580001 -0.714542 2.864434 6.832782
 23.600001 -0.685916 2.753672 6.608509
 23.620001 -0.725844 2.717293 6.909859
 23.640001 -0.616332 2.717017 5.902296
 23.660001 -0.405569 2.846950 3.060623
 23.680001 -0.169089 3.134297 0.945498
 23.700001 -0.129316 -2.793416 0.821238
 23.720001 -0.157519 -2.492604 0.902745
 23.740001 -0.112161 -2.281402 0.786882
 23.760001 -0.021099 -2.147280 0.785402
 23.780001 -0.088164 -1.931816 0.759822
 23.800001 -0.295040 -1.705506 1.793887
 23.820001 -0.218169 -1.642635 1.193161
 23.840001 -0.027615 -1.805211 0.776823
 23.860001 0.055483 -1.843360 0.969711
 23.880001 -0.054350 -1.687231 0.753411
 23.900001 0.000815 -1.734630 0.823014
 23.920001 0.152733 -1.958184 1.373739
 23.940001 0.274412 -2.075459 2.017544
 23.960001 0.348699 -2.253883 2.446829
 23.980001 0.488219 -2.488049 3.325649
 24.000001 0.752776 -2.789991 5.217340
 24.020001 1.048530 -3.063329 6.624557
 24.040001 1.277948 3.041930 5.229283
 24.060001 1.407653 2.966706 4.144057
 24.080001 1.468063 2.757503 3.624138
 24.100001 1.455249 2.716167 3.733189
 24.120001 1.233727 2.829635 5.567478
 24.140001 0.864202 2.928968 6.732618
 24.160001 0.546147 3.013044 4.423397
 24.180001 0.409655 3.069831 3.201574
 24.200001 0.336047 3.057667 2.617170
 24.220001 0.245993 3.028991 1.985370
 24.240001 0.214580 2.937993 1.785497
 24.260001 0.261008 2.878505 2.084618
 24.280001 0.391822 2.823597 3.055172
 24.300001 0.496189 2.810676 3.959869
 24.320001 0.657238 2.749757 5.450379
 24.340001 0.923028 2.711349 6.828668
 24.360001 1.129374 2.791469 6.251083
 24.380001 1.277765 2.927262 5.230725
 24.400001 1.277790 3.007072 5.230529
 24.420001 1.184075 3.098160 5.916916
 24.440001 1.026177 -3.044460 6.697610
 24.460001 0.942170 -2.856511 6.832075
 24.480001 0.931287 -2.796900 6.831778
 24.500001 0.859184 -2.859144 6.718355
 24.520001 0.800308 -2.919160 6.480838
 24.540001 0.900412 -2.995828 6.807195
 24.560001 1.186963 3.080925 5.897742
 24.580001 1.406604 2.872521 4.153084
 24.600001 1.321862 2.793237 4.873098
 24.620001 1.084376 2.676243 6.478785
 24.640001 0.971533 2.506041 6.811857
 24.660001 0.986382 2.407833 6.790348
 24.680001 0.771113 2.535487 6.317384
 24.700001 0.692566 2.608658 5.750212
 24.720001 0.924871 2.599732 6.829579
 24.740001 1.276048 2.615545 5.244278
 24.760001 1.354883 2.677898 4.595932
 24.780001 1.331528 2.904676 4.792635
 24.800001 1.433655 3.055842 3.920241
 24.820001 1.535639 3.138771 3.060419
 24.840001 1.487612 -3.006711 3.458812
 24.860001 1.289741 -2.806110 5.135343
 24.880001 1.133789 -2.687591 6.226304
 24.900001 1.140504 -2.660947 6.187849
 24.920001 1.131439 -2.608575 6.239544
 24.940001 1.073288 -2.439219 6.527459
 24.960001 1.196594 -2.314121 5.830770
 24.980001 1.483199 -2.374585 3.495998
 25.000001 1.527801 -2.450906 3.124525
 25.020001 1.275488 -2.408809 5.888702
 25.040001 1.145438 -2.544673 6.489682
 25.060001 1.241035 -2.705196 6.064926
 25.080001 1.329034 -2.755581 5.589889
 25.100001 1.332286 -2.727239 5.570735
 25.120001 1.375113 -2.737046 5.307383
 25.140001 1.359651 -2.845770 5.404887
 25.160001 1.190543 -2.780883 6.300324
 25.180001 1.048054 -2.716318 6.795195
 25.200001 1.037617 -2.618616 6.817810
 25.220001 1.145018 -2.655698 6.491307
 25.240001 1.180001 -2.628044 6.348392
 25.260001 1.233399 -2.630560 6.102292
 25.280001 1.306832 -2.659870 5.717528
 25.300001 1.327492 -2.600428 5.598926
 25.320001 1.334470 -2.543340 5.557810
 25.340001 1.236718 -2.478205 6.086126
 25.360001 1.180229 -2.599523 6.347413
 25.380001 1.167322 -2.498285 6.401898
 25.400001 1.307828 -2.451018 5.711915
 25.420001 1.309322 -2.311437 5.703481
 25.440001 1.166175 -2.409672 6.406646
 25.460001 0.978306 -2.334473 6.898090
 25.480001 1.034146 -2.285110 6.824814
 25.500001 1.252071 -2.255889 6.009832
 25.520001 1.379685 -2.374218 5.278014
 25.540001 1.260983 -2.509207 5.964409
 25.560001 1.117049 -2.572285 6.594206
 25.580001 1.218460 -2.791015 6.173604
 25.600001 1.242579 -2.820464 6.057296
 25.620001 1.049311 -2.780525 6.792318
 25.640001 0.872870 -2.646566 6.789448
 25.660001 1.103779 -2.713809 6.639089
 25.680001 1.364077 -2.559330 5.377261
 25.700001 1.175895 -2.201735 6.365927
 25.720001 0.800518 -2.027920 6.497383
 25.740001 0.871721 -2.175942 6.786233
 25.760001 1.195567 -2.236156 6.278166
 25.780001 1.213236 -2.019644 6.197975
 25.800001 1.172369 -2.195205 6.380826
 25.820001 1.274649 -2.508789 5.893142
 25.840001 1.471780 -2.706570 4.631237
 25.860001 1.488806 -2.501862 4.500931
 25.880001 1.466682 -2.565131 4.669556
 25.900001 1.455655 -2.798894 4.751339
 25.920001 1.360838 -2.836975 5.397499
 25.940001 1.148635 -2.613870 6.477232
 25.960001 1.062622 -2.483616 6.759900
 25.980001 1.146854 -2.659157 6.484182
 26.000001 1.044576 -2.595580 6.802985
 26.020001 0.866221 -2.424898 7.487750
 26.040001 0.984225 -2.306760 7.793026
 26.060001 1.356085 -2.458361 5.852809
 26.080001 1.334074 -2.376151 6.033515
 26.100001 1.064697 -2.265697 7.677036
 26.120001 1.141169 -2.429312 7.365030
 26.140001 1.520060 -2.617199 4.404425
 26.160001 1.683788 -2.684202 2.851010
 26.180001 1.533907 -2.662168 4.275574
 26.200001 1.363050 -2.833555 5.794828
 26.220001 1.278308 -2.930993 6.471544
 26.240001 1.106866 -2.910273 7.526093
 26.260001 0.736073 -2.773676 6.524776
 26.280001 0.377509 -2.719601 2.966372
 26.300001 0.368125 -2.723919 2.887367
 26.320001 0.573092 -2.760482 4.833177
 26.340001 0.494117 -2.708831 4.022932
 26.360001 0.110006 -2.457047 1.211970
 26.380001 -0.061354 -2.399491 0.756493
 26.400001 0.120393 -2.552963 1.261394
 26.420001 0.238357 -2.711401 1.940906
 26.440001 -0.024363 -2.793283 0.788790
 26.460001 -0.384477 -2.863283 2.788310
 26.480001 -0.380262 -3.090022 2.735294
 26.500001 -0.184935 2.877751 1.015474
 26.520001 -0.158575 2.736325 0.906418
 26.540001 -0.369665 2.721656 2.604296
 26.560001 -0.547676 2.627193 5.031792
 26.580001 -0.527126 2.636476 4.749753
 26.600001 -0.479769 2.756580 4.082453
 26.620001 -0.698508 3.085619 6.712232
 26.640001 -1.058116 -2.918544 6.803148
 26.660001 -1.274585 -2.751305 5.766843
 26.680001 -1.230472 -2.506688 5.970022
 26.700001 -1.171125 -2.487119 6.256442
 26.720001 -1.073959 -2.568524 6.729778
 26.740001 -0.863110 -2.611369 7.343610
 26.760001 -0.659029 -2.644279 6.361286
 26.780001 -0.406168 -2.730981 3.068514
 26.800001 -0.067361 -2.897453 0.755847
 26.820001 0.148193 -3.104292 1.404680
 26.840001 0.274391 3.106081 2.183072
 26.860001 0.415493 -3.075088 3.289247
 26.880001 0.637945 -3.108252 5.524995
 26.900001 0.882755 3.098889 7.565793
 26.920001 1.035451 2.903134 7.747090
 26.940001 1.297738 2.744466 6.322509
 26.960001 1.434723 2.757963 5.178654
 26.980001 1.421920 2.729675 5.291150
 27.000001 1.347063 2.650770 5.927353
 27.020001 1.160410 2.622518 7.985747
 27.040001 0.935242 2.639828 7.984062
 27.060001 0.626932 2.655412 5.422735
 27.080001 0.631305 2.667339 5.470166
 27.100001 0.616651 2.543280 5.311170
 27.120001 0.528110 2.487009 4.368647
 27.140001 0.440551 2.434478 3.512879
 27.160001 0.529076 2.532661 4.378595
 27.180001 0.633916 2.533674 5.498481
 27.200001 0.648107 2.579449 5.654178
 27.220001 0.799017 2.574355 7.147303
 27.240001 0.982567 2.641072 8.123378
 27.260001 1.145974 2.782121 8.032492
 27.280001 1.142884 2.901192 8.041735
 27.300001 0.982318 2.979550 8.122851
 27.320001 0.734469 2.989233 6.557297
 27.340001 0.526761 2.941129 4.354785
 27.360001 0.383395 2.920942 3.015156
 27.380001 0.319956 2.940414 2.511268
 27.400001 0.251613 2.887236 2.028292
 27.420001 0.227173 2.915903 1.868743
 27.440001 0.319420 2.875971 2.507229
 27.460001 0.408852 2.930371 3.231409
 27.480001 0.578545 2.932473 4.899495
 27.500001 0.776439 2.849942 6.952369
 27.520001 1.069942 2.646640 8.179050
 27.540001 1.250751 2.606199 7.563700
 27.560001 1.315087 2.644266 7.135242
 27.580001 1.435627 2.569626 6.069425
 27.600001 1.392051 2.640043 6.491209
 27.620001 1.266713 2.878081 7.467195
 27.640001 1.104440 3.097392 8.133801
 27.660001 1.058959 3.063821 8.185749
 27.680001 0.836057 3.044553 7.435568
 27.700001 0.481353 -3.086993 3.900787
 27.720001 0.343303 -3.095430 2.690115
 27.740001 0.600703 2.988742 5.138299
 27.760001 0.673318 2.831238 5.925260
 27.780001 0.480322 3.046242 3.890777
 27.800001 0.327037 -3.073938 2.564841
 27.820001 0.614375 3.108667 5.286470
 27.840001 0.942943 2.993273 8.012148
 27.860001 0.943696 3.137980 8.014780
 27.880001 0.821469 -3.007146 7.326990
 27.900001 1.048898 -2.939785 8.188532
 27.920001 1.321009 -2.921558 7.090626
 27.940001 1.352911 -2.794965 6.835801
 27.960001 1.280537 -2.725383 7.378331
 27.980001 1.307867 -2.660844 7.188487
 28.000001 1.292301 -2.471371 7.298906
 28.020001 1.186495 -2.224397 8.716980
 28.040001 1.215087 -2.167699 8.621134
 28.060001 1.309110 -2.167009 8.085500
 28.080001 1.328797 -2.045497 7.929161
 28.100001 1.411891 -1.917830 7.113851
 28.120001 1.487955 -1.878109 6.184577
 28.140001 1.432379 -1.877267 6.878353
 28.160001 1.517203 -2.027692 5.795953
 28.180001 1.590942 -1.956510 4.776723
 28.200001 1.789426 -1.849308 2.232429
 28.220001 1.749881 -1.857567 2.677007
 28.240001 1.731202 -1.940977 2.902590
 28.260001 1.651524 -1.833543 3.936993
 28.280001 1.616307 -1.789770 4.423170
 28.300001 1.461972 -1.805628 6.516680
 28.320001 1.389717 -1.834109 7.354439
 28.340001 1.487358 -1.898702 6.192365
 28.360001 1.479833 -1.881782 6.289882
 28.380001 1.610787 -2.113893 4.499923
 28.400001 1.722500 -2.486139 3.009595
 28.420001 1.672062 -2.738799 3.658570
 28.440001 1.320568 -2.721396 7.996328
 28.460001 1.168141 -2.820258 8.761094
 28.480001 1.208247 -3.061429 8.646410
 28.500001 1.085707 3.075223 8.808320
 28.520001 0.776679 3.127134 7.062763
 28.540001 0.623315 3.015093 5.408794
 28.560001 0.707456 2.843910 6.342098
 28.580001 0.698283 2.743489 6.242399
 28.600001 0.584328 2.807704 4.978058
 28.620001 0.609415 2.781714 5.254448
 28.640001 0.988139 2.563180 8.567829
 28.660001 1.203244 2.508611 8.663739
 28.680001 1.139139 2.639381 8.805321
 28.700001 1.186981 2.682085 8.715639
 28.720001 1.468987 2.514317 6.428422
 28.740001 1.495894 2.361193 6.080467
 28.760001 1.354815 2.371246 7.700015
 28.780001 1.395732 2.351427 7.290718
 28.800001 1.508570 2.079883 5.912033
 28.820001 1.454587 1.946354 6.608370
 28.840001 1.274067 2.049375 8.326247
 28.860001 1.281514 1.907417 8.279159
 28.880001 1.384576 1.593007 7.407964
 28.900001 1.344111 1.707662 7.797334
 28.920001 1.030209 2.053666 8.709224
 28.940001 0.942036 2.065444 8.349282
 28.960001 1.161318 1.973156 8.774279
 28.980001 1.140294 2.107111 8.804145
 29.000001 0.686358 2.468868 6.111682
 29.020001 0.394352 2.840886 3.587561
 29.040001 0.627389 2.852121 6.378302
 29.060001 0.753073 2.881873 7.742889
 29.080001 0.531158 3.000820 5.192575
 29.100001 0.343361 3.111557 3.061320
 29.120001 0.406494 3.099308 3.718837
 29.140001 0.500751 3.011292 4.818970
 29.160001 0.349314 3.047952 3.120159
 29.180001 0.045643 3.125726 0.993615
 29.200001 -0.112071 -3.004990 0.795003
 29.220001 0.017607 -2.908364 0.899997
 29.240001 0.205489 -2.849400 1.882457
 29.260001 0.133505 -2.910275 1.410799
 29.280001 -0.149895 -2.902345 0.881099
 29.300001 -0.141808 -2.964420 0.857362
 29.320001 0.139858 -3.095805 1.448121
 29.340001 0.261817 3.097990 2.321627
 29.360001 0.070344 -3.117289 1.088933
 29.380001 -0.083868 -3.061273 0.768728
 29.400001 0.134316 -3.053861 1.415514
 29.420001 0.391369 -2.961456 3.555668
 29.440001 0.270493 -2.764348 2.394390
 29.460001 -0.096705 -2.516797 0.777809
 29.480001 -0.111198 -2.534168 0.793650
 29.500001 0.096331 -2.800789 1.208370
 29.520001 0.008720 -2.855504 0.875587
 29.540001 -0.337178 -2.800869 2.225092
 29.560001 -0.365166 -2.885367 2.549708
 29.580001 -0.046808 -3.126790 0.775917
 29.600001 0.074426 3.015854 1.106901
 29.620001 -0.201328 3.007403 1.097156
 29.640001 -0.356331 2.947418 2.444389
 29.660001 -0.238856 2.800918 1.327964
 29.680001 -0.185589 2.716628 1.020680
 29.700001 -0.525285 2.808983 4.724175
 29.720001 -0.948102 2.922738 7.221296
 29.740001 -1.318451 2.986419 5.574819
 29.760001 -1.541760 2.948958 4.630794
 29.780001 -1.569068 2.885485 4.495083
 29.800001 -1.629339 2.813926 4.157188
 29.820001 -1.588278 2.681894 4.391866
 29.840001 -1.484249 2.686214 4.891617
 29.860001 -1.160806 2.657539 6.307188
 29.880001 -0.962567 2.574820 7.179180
 29.900001 -0.996455 2.561636 7.062658
 29.920001 -1.113202 2.527830 6.541371
 29.940001 -1.223706 2.716981 6.002022
 29.960001 -1.260270 2.822020 5.831691
 29.980001 -1.325126 2.973415 5.546438
 30.000001 -1.339267 2.968887 5.486984
 30.020001 -1.177341 3.021635 7.014996
 30.040001 -0.920827 3.067258 7.525709
 30.060001 -0.772211 -3.021614 7.234496
 30.080001 -0.629292 -2.822233 6.066866
 30.100001 -0.329538 -2.835255 2.141265
 30.120001 -0.088256 -2.901415 0.771141
 30.140001 -0.155596 -2.782044 0.899444
 30.160001 -0.244866 -2.536723 1.370616
 30.180001 -0.117685 -2.662986 0.804406
 30.200001 0.033006 -2.784728 0.947587
 30.220001 -0.078184 -2.763594 0.766655
 30.240001 -0.332086 -2.837113 2.168980
 30.260001 -0.292371 -3.084631 1.768861
 30.280001 -0.125424 2.981592 0.819390
 30.300001 -0.177068 3.013832 0.980654
 30.320001 -0.322643 3.024441 2.069730
 30.340001 -0.245282 2.983894 1.373624
 30.360001 -0.077587 2.861214 0.766505
 30.380001 -0.174799 2.845437 0.971160
 30.400001 -0.461160 2.884290 3.822516
 30.420001 -0.624080 2.828901 6.007409
 30.440001 -0.732272 2.897815 7.001827
 30.460001 -0.869136 3.014601 7.509038
 30.480001 -0.972054 -3.039801 7.479830
 30.500001 -0.984177 -3.041194 7.462418
 30.520001 -0.910616 -3.004713 7.528317
 30.540001 -0.970135 -2.964864 7.482388
 30.560001 -1.189627 -2.938042 6.979532
 30.580001 -1.299494 -2.937219 6.617533
 30.600001 -1.181045 -2.973160 7.004390
 30.620001 -1.090796 -2.965403 7.243758
 30.640001 -1.269365 -2.906358 6.726242
 30.660001 -1.281159 -2.698900 6.684674
 30.680001 -1.045827 -2.610795 7.347233
 30.700001 -0.807215 -2.598766 7.377347
 30.720001 -0.750788 -2.589401 7.119908
 30.740001 -0.648739 -2.638508 6.279233
 30.760001 -0.445770 -2.914736 3.605673
 30.780001 -0.328976 -3.133966 2.135185
 30.800001 -0.401160 3.106914 3.002777
 30.820001 -0.534036 3.057667 4.850765
 30.840001 -0.618897 3.107618 5.947285
 30.860001 -0.723123 3.036480 6.938590
 30.880001 -0.880576 3.078420 7.518693
 30.900001 -1.122831 3.041997 7.163250
 30.920001 -1.292887 3.121618 6.642095
 30.940001 -1.264642 -3.116681 6.742548
 30.960001 -1.164360 3.121725 7.051611
 30.980001 -1.128337 3.115257 7.148914
 31.000001 -1.154804 3.005317 7.078027
 31.020001 -1.086828 2.916128 8.135959
 31.040001 -0.941998 2.791212 8.150334
 31.060001 -0.921546 2.780152 8.118052
 31.080001 -1.015807 2.669746 8.192804
 31.100001 -1.183707 2.594615 7.906449
 31.120001 -1.082532 2.511224 8.142025
 31.140001 -0.949176 2.539192 8.159405
 31.160001 -0.972463 2.597101 8.181212
 31.180001 -1.203213 2.654405 7.838151
 31.200001 -1.473284 2.705655 6.187712
 31.220001 -1.553823 2.760267 5.501642
 31.240001 -1.547985 2.948408 5.553404
 31.260001 -1.537285 3.134096 5.647436
 31.280001 -1.517238 -3.038952 5.820521
 31.300001 -1.290594 3.103353 7.440743
 31.320001 -0.889148 3.021127 8.044048
 31.340001 -0.644954 3.001789 6.353564
 31.360001 -0.421514 3.074809 3.285730
 31.380001 0.092333 3.071954 1.188622
 31.400001 0.736499 3.025362 7.585293
 31.420001 1.045839 3.130338 9.085296
 31.440001 1.157800 -3.043849 8.940961
 31.460001 1.465088 -3.107847 6.485038
 31.480001 1.757070 -3.090934 2.593222
 31.500001 1.817878 -2.991442 1.937200
 31.520001 1.795304 -2.970312 2.169893
 31.540001 1.971605 -3.114904 0.768494
 31.560001 2.106607 3.037186 0.266681
 31.580001 2.071429 2.985686 0.359100
 31.600002 1.967633 2.984291 0.789833
 31.620002 1.948732 2.858582 0.897303
 31.640002 1.980770 2.586785 0.720871
 31.660002 2.028451 2.496623 0.507756
 31.680002 1.842874 2.769148 1.699219
 31.700002 1.569159 3.110875 5.082659
 31.720002 1.383099 -2.885614 7.442731
 31.740002 1.155690 -2.632188 8.946988
 31.760002 0.757175 -2.200849 7.780627
 31.780002 0.874867 -1.979337 8.631140
 31.800002 1.212133 -2.032383 8.736359
 31.820002 1.376883 -2.077246 7.507354
 31.840002 1.102328 -2.042491 9.056049
 31.860002 0.890901 -2.237387 8.711386
 31.880002 0.999457 -2.629552 9.045128
 31.900002 1.232923 -2.776421 8.633629
 31.920002 1.486121 -2.933447 6.214163
 31.940002 1.697784 3.132060 3.321969
 31.960002 1.867231 2.866336 1.485280
 31.980002 2.050033 2.856546 0.426754
 32.000002 2.216064 2.897519 0.090956
 32.020002 2.363324 2.886677 1.022544
 32.040002 2.507409 2.799367 0.606406
 32.060002 2.578794 2.827457 0.417389
 32.080002 2.670916 2.954965 0.228488
 32.100002 2.875810 2.972817 0.036763
 32.120002 3.094430 2.934998 0.002495
 32.140002 -3.050463 2.758366 0.000000
 32.160002 -2.998576 2.713078 0.000000
 32.180002 -2.975711 2.660174 0.000000
 32.200002 -2.914208 2.375515 0.000000
 32.220002 -2.919043 2.234916 0.000000
 32.240002 -3.019949 2.115503 0.000000
 32.260002 -3.004136 2.063764 0.000000
 32.280002 -2.921307 1.970376 0.000000
 32.300002 -2.913849 2.047968 0.000000
 32.320002 -3.101600 2.293955 0.000000
 32.340002 3.116816 2.388989 0.000000
 32.360002 3.078217 2.476005 0.003127
 32.380002 -3.057045 2.619042 0.000000
 32.400002 -2.968587 2.693574 0.000000
 32.420002 -3.030494 2.718056 0.000000
 32.440002 3.105742 2.726574 0.000000
 32.460002 2.950323 2.903366 0.016015
 32.480002 2.925624 3.049278 0.021302
 32.500002 2.966230 3.077510 0.013258
 32.520002 2.931824 3.120398 0.019848
 32.540002 2.776777 3.097221 0.096681
 32.560002 2.684417 3.140162 0.206803
 32.580002 2.818274 3.012965 0.065716
 32.600002 3.068664 2.852948 0.003565
 32.620002 -3.085073 2.680836 0.000000
 32.640002 3.134140 2.662929 0.000000
 32.660002 3.046872 2.550487 0.004781
 32.680002 3.128335 2.261403 0.000000
 32.700002 -3.131774 2.213039 0.000000
 32.720002 3.045053 2.290121 0.004898
 32.740002 2.996967 2.297799 0.009099
 32.760002 3.070408 2.183532 0.003481
 32.780002 -3.042462 2.105183 0.000000
 32.800002 -3.002893 2.229812 0.000000
 32.820002 -2.919354 2.206929 0.000000
 32.840002 -2.955103 2.114088 0.000000
 32.860002 -2.975992 2.212413 0.000000
 32.880002 -2.953560 2.302428 0.000000
 32.900002 -2.989562 2.225905 0.000000
 32.920002 -3.108756 2.109792 0.000000
 32.940002 2.994187 2.343111 0.009420
 32.960002 2.962505 2.393839 0.013863
 32.980002 2.937415 2.259969 0.018612
 33.000002 3.005104 2.311540 0.008215
 33.020002 2.976863 2.490782 1.203653
 33.040002 2.845967 2.604094 1.029639
 33.060002 2.854457 2.586258 1.046340
 33.080002 3.077655 2.605519 1.153309
 33.100002 -2.968971 2.624864 0.558567
 33.120002 -2.853129 2.608457 0.282899
 33.140002 -2.958803 2.703245 0.530731
 33.160002 -3.131525 2.564442 1.010230
 33.180002 3.083544 2.599278 1.144910
 33.200002 2.990111 2.675507 1.207377
 33.220002 2.852485 2.722638 1.042498
 33.240002 2.716072 2.721956 0.776720
 33.260002 2.852030 2.794381 1.041607
 33.280002 2.996201 2.806877 1.208049
 33.300002 -3.126831 2.741099 0.998996
 33.320002 -3.022415 2.844775 0.711120
 33.340002 -2.867240 3.060142 0.310892
 33.360002 -2.739641 3.123193 0.117969
 33.380002 -2.717327 3.056124 0.096951
 33.400002 -2.840064 3.085310 0.258500
 33.420002 -3.009789 -3.068309 0.674464
 33.440002 3.111362 -3.002595 1.096016
 33.460002 3.021677 -3.011108 1.203640
 33.480002 3.010422 -2.957942 1.207032
 33.500002 3.110669 -2.797936 1.097304
 33.520002 -3.038529 -2.757497 0.757999
 33.540002 -2.942113 -2.787820 0.486271
 33.560002 -2.949156 -2.698315 0.504835
 33.580002 -3.065075 -2.505685 0.834465
 33.600002 3.072256 -2.478135 1.160514
 33.620002 3.011168 -2.501040 1.206878
 33.640002 2.973963 -2.496370 1.202430
 33.660002 3.030593 -2.477929 1.199329
 33.680002 3.089732 -2.524282 1.135489
 33.700002 3.035954 -2.507415 1.196047
 33.720002 2.971081 -2.597379 1.201071
 33.740002 2.929244 -2.618464 1.166089
 33.760002 2.896659 -2.659442 1.121304
 33.780002 2.943628 -2.738415 1.181216
 33.800002 3.045931 -2.742340 1.188575
 33.820002 -3.065109 -2.813102 0.834563
 33.840002 -2.943211 -2.910380 0.489147
 33.860002 -3.020482 -2.790685 0.705500
 33.880002 3.137155 -2.601410 1.043426
 33.900002 3.083070 -2.606775 1.145607
 33.920002 3.072338 -2.709858 1.160407
 33.940002 2.994008 -2.609920 1.207883
 33.960002 2.935169 -2.521333 1.172692
 33.980002 2.973629 -2.612562 1.202280
 34.000002 -3.093429 -2.656484 0.913235
 34.020002 -2.795203 -2.658959 0.754645
 34.040002 -2.806111 -2.607227 0.800610
 34.060002 -2.944043 -2.666602 1.460728
 34.080002 -3.039001 -2.717413 1.891106
 34.100002 -3.001278 -2.726917 1.732656
 34.120002 -2.922503 -2.733296 1.353619
 34.140002 -2.995373 -2.734235 1.706016
 34.160002 -3.137509 -2.789866 2.165217
 34.180002 3.039237 -2.730701 2.160554
 34.200002 3.042894 -2.588745 2.166254
 34.220002 2.996666 -2.661500 2.068079
 34.240002 2.949049 -2.782909 1.915110
 34.260002 2.977432 -2.631808 2.011872
 34.280002 3.065700 -2.410606 2.193242
 34.300002 -3.064426 -2.586941 1.983724
 34.320002 -2.982384 -2.747051 1.646033
 34.340002 -2.942600 -2.638848 1.453592
 34.360002 -2.908780 -2.648891 1.285128
 34.380002 -2.906818 -2.813629 1.275346
 34.400002 -2.862586 -3.041144 1.058119
 34.420002 -2.952348 -3.059229 1.501633
 34.440002 -3.116468 -3.074721 2.127386
 34.460002 3.043395 -3.101385 2.167006
 34.480002 3.026302 -3.124910 2.137446
 34.500002 3.049302 -2.918591 2.175339
 34.520002 2.998537 -2.838285 2.073097
 34.540002 2.822636 -2.856069 1.376362
 34.560002 2.712381 -2.904913 0.958268
 34.580002 2.864406 -2.750628 1.562242
 34.600002 3.102445 -2.683147 2.202367
 34.620002 -3.135404 -2.779577 2.161998
 34.640002 3.123004 -2.703959 2.191669
 34.660002 3.083079 -2.424546 2.203628
 34.680002 3.121418 -2.377830 2.192948
 34.700002 -3.099470 -2.483206 2.087948
 34.720002 -3.088006 -2.369578 2.057114
 34.740002 -3.101593 -2.395068 2.093292
 34.760002 3.111169 -2.440468 2.199389
 34.780002 3.044391 -2.351859 2.168480
 34.800002 3.035198 -2.398949 2.153828
 34.820002 -3.134465 -2.518769 2.160520
 34.840002 -3.014242 -2.678451 1.789551
 34.860002 -2.855884 -2.788403 1.026115
 34.880002 -2.782930 -2.842630 0.704632
 34.900002 -2.704166 -2.906553 0.430846
 34.920002 -2.658926 -3.099113 0.314225
 34.940002 -2.719278 2.980740 0.476813
 34.960002 -2.803382 3.092028 0.788978
 34.980002 -2.952412 -3.078265 1.501948
 35.000002 3.096462 -3.050055 2.205497
 35.020002 2.879987 3.110589 2.389643
 35.040002 2.862727 -3.058460 2.267266
 35.060002 3.034480 -3.081898 3.222284
 35.080002 -3.047072 2.970616 2.865635
 35.100002 -2.881398 2.766096 1.672724
 35.120002 -2.755060 2.815357 0.846620
 35.140002 -2.791153 2.863799 1.053405
 35.160002 -2.862323 2.706298 1.532174
 35.180002 -2.887820 2.832127 1.720826
 35.200002 -2.890832 3.069570 1.743489
 35.220002 -2.856816 3.096009 1.492356
 35.240002 -2.807796 2.844927 1.157566
 35.260002 -2.786319 2.774805 1.024165
 35.280002 -2.824488 3.039952 1.267180
 35.300002 -2.858411 -3.069074 1.503855
 35.320002 -2.816304 3.136028 1.212818
 35.340002 -2.763406 3.111645 0.892026
 35.360002 -2.777552 -2.924654 0.972331
 35.380002 -2.943523 -2.622611 2.145410
 35.400002 3.083097 -2.595629 3.305145
 35.420002 2.942703 -2.673345 2.804513
 35.440002 2.887481 -2.494181 2.442146
 35.460002 2.888761 -2.185073 2.451062
 35.480002 2.893305 -2.358839 2.482570
 35.500002 2.958797 -2.432805 2.897938
 35.520002 3.015018 -2.253306 3.159724
 35.540002 3.013729 -2.092584 3.155027
 35.560002 2.937788 -2.196260 2.774657
 35.580002 2.964299 -2.222538 2.928221
 35.600002 3.135157 -2.134885 3.269327
 35.620002 -2.885929 -2.262321 1.706626
 35.640002 -2.656504 -2.318220 0.425071
 35.660002 -2.670380 -2.383693 0.470062
 35.680002 -2.710869 -2.227655 0.631102
 35.700002 -2.678386 -2.255511 0.499222
 35.720002 -2.569622 -2.419526 0.211106
 35.740002 -2.822817 -2.538617 1.255986
 35.760002 -3.101626 -2.316615 3.134374
 35.780002 3.100314 -2.214648 3.305698
 35.800002 -3.055655 -2.427383 2.914698
 35.820002 -2.880751 -2.677822 1.667899
 35.840002 -2.854237 -2.484463 1.473846
 35.860002 -2.840482 -2.418833 1.376629
 35.880002 -2.810284 -2.518729 1.173588
 35.900002 -2.703331 -2.682589 0.598520
 35.920002 -2.701289 -2.533195 0.589906
 35.940002 -2.863500 -2.496510 1.540735
 35.960002 -2.947859 -2.606529 2.178400
 35.980002 -2.997544 -2.714387 2.544311
 36.000002 -2.899418 -2.635797 1.808439
 36.020002 -2.853685 -2.516279 2.571242
 36.040002 -2.844713 -2.370481 2.499684
 36.060002 -2.940839 -2.520496 3.229612
 36.080002 -3.002951 -2.460582 3.609949
 36.100002 -3.087217 -2.251921 3.918564
 36.120002 3.125010 -2.287759 3.941351
 36.140002 3.035192 -2.501401 3.647954
 36.160002 2.876151 -2.537134 2.505136
 36.180002 2.766850 -2.516610 1.660333
 36.200002 2.644308 -2.689067 1.035444
 36.220002 2.565803 -2.924851 0.878344
 36.240002 2.378924 -2.944997 1.057402
 36.260002 2.133804 -2.840970 1.344970
 36.280002 1.929245 -2.829588 1.637835
 36.300002 1.978524 -2.962050 1.493769
 36.320002 2.200900 -3.136032 1.308548
 36.340002 2.214649 -2.959211 1.298372
 36.360002 2.029034 -2.836543 1.409429
 36.380002 1.854119 -2.915323 2.017516
 36.400002 1.938355 3.088386 1.605790
 36.420002 2.053822 3.062743 1.382862
 36.440002 1.937840 -3.004829 1.607534
 36.460002 1.634318 -2.801567 4.253783
 36.480002 1.536643 -2.825809 5.563825
 36.500002 1.611766 -2.900571 4.550694
 36.520002 1.432996 -2.813759 6.890922
 36.540002 1.108018 -2.625924 9.048284
 36.560002 0.954970 -2.661418 8.950730
 36.580002 1.023794 -2.838048 9.073452
 36.600002 0.938838 -2.931891 8.902333
 36.620002 0.725272 -2.987563 7.471975
 36.640002 0.769947 3.049551 7.894832
 36.660002 0.966141 2.802984 8.979748
 36.680002 0.893875 2.684020 8.725350
 36.700002 0.646740 2.759594 6.610144
 36.720002 0.635562 2.716669 6.475965
 36.740002 0.760652 2.666731 7.812223
 36.760002 0.626440 2.655164 6.366908
 36.780002 0.336189 2.715678 2.991244
 36.800002 0.259527 2.713333 2.302651
 36.820002 0.226206 2.672276 2.037228
 36.840002 0.106004 2.598195 1.257629
 36.860002 -0.147950 2.609133 0.875149
 36.880002 -0.346883 2.587773 2.339563
 36.900002 -0.578151 2.650855 5.507925
 36.920002 -0.841820 2.685728 7.886734
 36.940002 -1.056096 2.673126 8.171896
 36.960002 -1.110646 2.889415 8.096112
 36.980002 -1.095971 3.053369 8.121912
 37.000002 -1.106315 3.113936 8.104146
 37.020002 -1.192407 3.058426 8.706855
 37.040002 -1.219619 3.131585 8.569564
 37.060002 -1.139288 3.138821 8.907059
 37.080002 -1.025746 3.012086 9.026497
 37.100002 -0.818270 2.834639 8.235164
 37.120002 -0.686139 2.736234 7.014988
 37.140002 -0.685847 2.800859 7.011624
 37.160002 -0.633676 2.824436 6.367813
 37.180002 -0.431915 2.826140 3.451877
 37.200002 -0.293429 2.802649 1.785626
 37.220002 -0.418157 2.874556 3.259970
 37.240002 -0.526574 2.941960 4.845837
 37.260002 -0.319119 2.925519 2.042457
 37.280002 -0.074511 2.982814 0.765941
 37.300002 0.003142 3.020217 0.861443
 37.320002 -0.027763 3.094095 0.800228
 37.340002 0.003586 3.113422 0.862535
 37.360002 0.027188 -3.045345 0.928831
 37.380002 -0.110147 -2.924242 0.792062
 37.400002 -0.187746 -2.837243 1.030765
 37.420002 -0.087700 -2.724343 0.770795
 37.440002 -0.119426 -2.576724 0.807571
 37.460002 -0.293935 -2.506975 1.790418
 37.480002 -0.363893 -2.591913 2.551225
 37.500002 -0.207005 -2.783332 1.128147
 37.520002 -0.217812 -2.960014 1.190998
 37.540002 -0.536400 -2.962029 4.991955
 37.560002 -0.712970 -3.122868 7.311273
 37.580002 -0.787246 2.834226 8.003221
 37.600002 -0.962486 2.689154 8.919586
 37.620002 -1.224852 2.780024 8.540592
 37.640002 -1.268662 2.847020 8.267504
 37.660002 -1.196030 2.718613 8.689896
 37.680002 -1.267599 2.645265 8.274745
 37.700002 -1.384772 2.622554 7.331124
 37.720002 -1.318979 2.717735 7.894025
 37.740002 -1.019718 2.744464 9.021447
 37.760002 -0.775758 2.817459 7.909017
 37.780002 -0.720357 3.005855 7.388466
 37.800002 -0.663438 -3.098276 6.745458
 37.820002 -0.471855 -3.100255 4.030335
 37.840002 -0.354482 3.122733 2.437680
 37.860002 -0.498129 3.116337 4.419701
 37.880002 -0.660066 3.043156 6.704011
 37.900002 -0.735642 2.906703 7.542076
 37.920002 -0.891775 2.850681 8.660227
 37.940002 -1.208115 2.871664 8.630379
 37.960002 -1.574574 2.995224 5.467502
 37.980002 -1.826033 3.090901 2.892688
 38.000002 -1.910240 3.107521 2.109019
 38.020002 -2.005958 -3.140945 2.378337
 38.040002 -2.083376 -3.072563 1.747960
 38.060002 -2.035309 -3.089017 2.130315
 38.080002 -1.899328 2.948712 3.311511
 38.100002 -1.770762 2.713888 4.390965
 38.120002 -1.623648 2.616650 5.536080
 38.140002 -1.548167 2.598410 6.124415
 38.160002 -1.474980 2.457694 6.714097
 38.180002 -1.337235 2.133955 7.825263
 38.200002 -1.354351 1.862338 7.693632
 38.220002 -1.582848 1.926981 5.850694
 38.240002 -1.678445 1.978347 5.116049
 38.260002 -1.496687 1.797815 6.535597
 38.280002 -1.262685 1.667803 8.346499
 38.300002 -1.275748 1.841789 8.262724
 38.320002 -1.417998 2.029071 7.183033
 38.340002 -1.437848 2.179550 7.020358
 38.360002 -1.499535 2.390124 6.512634
 38.380002 -1.599799 2.723743 5.719559
 38.400002 -1.674731 2.965039 5.144570
 38.420002 -1.656292 3.051243 5.285938
 38.440002 -1.508338 3.070108 6.441800
 38.460002 -1.419334 -3.040963 7.172107
 38.480002 -1.297950 -3.001731 8.112288
 38.500002 -0.984278 -3.129371 8.969730
 38.520002 -0.532639 3.038381 4.936096
 38.540002 -0.420249 3.025133 3.288879
 38.560002 -0.540386 -3.043793 5.051053
 38.580002 -0.391425 -2.888516 2.900165
 38.600002 0.084631 -2.926875 1.153567
 38.620002 0.315048 -2.955199 2.789838
 38.640002 0.101373 -2.801761 1.233790
 38.660002 -0.013871 -2.682442 0.824073
 38.680002 0.128892 -2.778060 1.382225
 38.700002 0.199164 -2.918958 1.836793
 38.720002 -0.135613 -2.924129 0.840966
 38.740002 -0.415531 -2.941017 3.223823
 38.760002 -0.417751 -3.127950 3.254363
 38.780002 -0.308982 3.033993 1.937831
 38.800002 -0.506502 3.039606 4.544428
 38.820002 -0.730784 3.020672 7.494146
 38.840002 -0.784390 2.961910 7.980221
 38.860002 -0.770314 2.903181 7.862775
 38.880002 -0.843672 2.911838 8.401345
 38.900002 -1.118561 2.933146 8.967457
 38.920002 -1.420024 2.927409 7.166463
 38.940002 -1.508141 2.810173 6.443386
 38.960002 -1.363776 2.696564 7.619831
 38.980002 -1.279155 2.729544 8.240278
 39.000002 -1.193010 2.724370 8.722130
 39.020002 -0.943668 2.606012 9.388264
 39.040002 -0.564116 2.421528 5.436046
 39.060002 -0.607886 2.497186 6.074253
 39.080002 -0.845709 2.636174 8.741472
 39.100002 -0.914169 2.596454 9.221152
 39.120002 -0.695070 2.499344 7.234675
 39.140002 -0.457564 2.568943 3.832488
 39.160002 -0.436439 2.713623 3.524658
 39.180002 -0.588434 2.828089 5.793159
 39.200002 -0.743041 2.917767 7.783702
 39.220002 -0.838481 3.040885 8.683750
 39.240002 -0.824508 3.115634 8.568158
 39.260002 -0.660205 3.127134 6.794485
 39.280002 -0.664967 -3.042539 6.856552
 39.300002 -0.635603 -2.827522 6.464664
 39.320002 -0.286098 -2.858101 1.717440
 39.340002 0.330035 -2.995047 2.931817
 39.360002 0.495195 -2.864829 4.751426
 39.380002 0.430582 -2.671688 3.988318
 39.400002 0.635503 -2.673630 6.475262
 39.420002 0.870436 -2.622396 8.607470
 39.440002 0.929485 -2.371752 8.870690
 39.460002 0.911202 -2.196809 8.801060
 39.480002 1.274774 -2.405219 8.381427
 39.500002 1.544427 -2.506667 5.459002
 39.520002 1.562048 -2.426855 5.220913
 39.540002 1.303654 -2.354255 8.171237
 39.560002 1.103714 -2.452386 9.054241
 39.580002 1.126386 -2.651895 9.017013
 39.600002 1.102870 -2.594023 9.055348
 39.620002 1.129766 -2.588616 9.010215
 39.640002 1.169928 -2.693974 8.903704
 39.660002 1.101046 -2.771707 9.057675
 39.680002 0.846838 -2.703799 8.470436
 39.700002 0.775203 -2.743630 7.940353
 39.720002 0.957775 -2.906986 8.958357
 39.740002 1.157269 -2.928664 8.942491
 39.760002 1.170272 -2.866507 8.902581
 39.780002 1.367276 -2.913609 7.608541
 39.800002 1.749723 -3.046019 2.888801
 39.820002 1.822624 -3.030777 2.237225
 39.840002 1.415719 -3.012142 7.091363
 39.860002 1.107715 -2.952708 9.048720
 39.880002 1.182394 -3.009822 8.860666
 39.900002 1.112345 -2.955109 9.041772
 39.920002 0.809153 -2.796034 8.212838
 39.940002 0.681250 -2.747096 7.005427
 39.960002 0.994216 -2.853712 9.036905
 39.980002 1.323209 -2.892399 8.012094
 40.000002 1.385202 -2.822065 7.425376
 40.020002 1.457547 -2.896541 7.458609
 40.040002 1.619806 -3.010077 5.026036
 40.060002 1.670996 -2.882300 4.253960
 40.080002 1.634135 -2.647747 4.806666
 40.100002 1.655979 -2.504390 4.476554
 40.120002 1.614600 -2.576232 5.106303
 40.140002 1.251330 -2.543960 9.313319
 40.160002 0.821213 -2.405907 8.371406
 40.180002 0.839415 -2.399196 8.506854
 40.200002 1.194396 -2.576627 9.487935
 40.220002 1.167166 -2.622404 9.530437
 40.240002 0.823878 -2.515629 8.391840
 40.260002 0.802481 -2.497957 8.222022
 40.280002 0.879555 -2.495847 8.772353
 40.300002 0.808146 -2.423686 8.268273
 40.320002 0.746475 -2.414463 7.715680
 40.340002 1.026151 -2.523780 9.397557
 40.360002 1.484098 -2.686930 7.092773
 40.380002 1.735111 -2.644881 3.380291
 40.400002 1.789176 -2.583289 2.758360
 40.420002 1.826502 -2.659932 2.398463
 40.440002 1.815520 -2.773809 2.497364
 40.460002 1.674397 -2.775732 4.204850
 40.480002 1.504860 -2.699979 6.792924
 40.500002 1.469985 -2.780855 7.289948
 40.520002 1.420692 -2.953324 7.929162
 40.540002 1.279639 -3.038238 9.174774
 40.560002 1.073229 -2.940269 9.496736
 40.580002 0.984314 -2.936215 9.269138
 40.600002 0.872989 -2.995682 8.731978
 40.620002 0.698151 -2.971045 7.210843
 40.640002 0.615095 -2.836189 6.237728
 40.660002 0.878973 -2.827682 8.768821
 40.680002 1.137838 -2.907885 9.546581
 40.700002 1.109610 -2.993131 9.538185
 40.720002 1.011250 -3.003642 9.356126
 40.740002 1.253503 -3.028952 9.303959
 40.760002 1.527617 -3.008699 6.453290
 40.780002 1.457717 -2.877549 7.456347
 40.800002 1.275553 -2.755202 9.197028
 40.820002 1.225986 -2.648667 9.407413
 40.840002 1.196926 -2.657705 9.482906
 40.860002 0.961787 -2.522139 9.184234
 40.880002 0.838512 -2.414453 8.500361
 40.900002 0.975452 -2.556822 9.237080
 40.920002 1.094936 -2.734136 9.525402
 40.940002 1.141248 -2.834652 9.546063
 40.960002 1.279048 -2.908356 9.178042
 40.980002 1.464230 -3.080977 7.368615
 41.000002 1.639650 3.014114 4.721116
 41.020002 1.692373 3.066354 4.930042
 41.040002 1.715927 -2.990185 4.586376
 41.060002 1.759301 -2.948696 3.981417
 41.080002 1.789954 -3.086202 3.586655
 41.100002 1.768743 -3.056893 3.856745
 41.120002 1.736390 -2.874771 4.294057
 41.140002 1.733357 -2.858060 4.336422
 41.160002 1.568867 -3.031741 6.781349
 41.180002 1.244472 -2.998644 9.628784
 41.200002 0.921167 -2.781557 9.017826
 41.220002 0.854999 -2.711423 8.622561
 41.240002 0.901861 -2.681534 8.913743
 41.260002 0.817636 -2.631673 8.348164
 41.280002 0.581897 -2.520362 5.827469
 41.300002 0.502307 -2.509458 4.839700
 41.320002 0.622653 -2.499282 6.329952
 41.340002 0.712868 -2.474961 7.369741
 41.360002 0.647050 -2.530623 6.625355
 41.380002 0.577218 -2.659472 5.769204
 41.400002 0.768332 -2.768531 7.926028
 41.420002 1.125877 -2.794987 9.667012
 41.440002 1.323181 -2.878677 9.338409
 41.460002 1.332858 -2.939689 9.287044
 41.480002 1.398432 -2.989949 8.815494
 41.500002 1.609111 -3.044997 6.185783
 41.520002 1.729759 -3.100856 4.389173
 41.540002 1.615953 -3.089286 6.082993
 41.560002 1.459866 -2.988038 8.201295
 41.580002 1.493312 -2.948309 7.805325
 41.600002 1.566769 -2.970038 6.811663
 41.620002 1.397819 -2.907428 8.820793
 41.640002 1.061260 -2.712007 9.545160
 41.660002 0.890329 -2.702361 8.847292
 41.680002 0.945801 -2.844520 9.138329
 41.700002 0.946856 -2.793027 9.143195
 41.720002 0.900936 -2.617559 8.908539
 41.740002 0.990986 -2.619346 9.326738
 41.760002 1.118153 -2.920436 9.656807
 41.780002 0.958698 -2.985191 9.196242
 41.800002 0.704289 -2.889643 7.277717
 41.820002 0.742492 -2.981214 7.676392
 41.840002 0.903385 3.089838 8.922285
 41.860002 0.963474 3.008421 9.216830
 41.880002 1.007342 3.064960 9.385379
 41.900002 1.197125 3.047702 9.691678
 41.920002 1.463081 2.988216 8.165055
 41.940002 1.575949 3.074601 6.676759
 41.960002 1.533770 -2.988742 7.275989
 41.980002 1.386827 -2.990706 8.912934
 42.000002 1.131715 -3.023822 9.673868
 42.020002 0.832739 -2.760113 8.869467
 42.040002 0.684409 -2.477272 7.225555
 42.060002 0.764762 -2.479952 8.175278
 42.080002 0.825848 -2.534244 8.804215
 42.100002 0.610026 -2.294564 6.269586
 42.120002 0.465522 -2.139346 4.419727
 42.140002 0.758610 -2.340149 8.107151
 42.160002 0.867003 -2.560120 9.176086
 42.180002 0.614157 -2.390623 6.323537
 42.200002 0.612226 -2.291103 6.298335
 42.220002 1.095318 -2.637800 10.440105
 42.240002 1.296139 -2.809490 10.134946
 42.260002 1.264698 -2.815306 10.297821
 42.280002 1.361898 -2.886786 9.644782
 42.300002 1.583604 -2.955181 6.726691
 42.320002 1.583169 -2.897994 6.733588
 42.340002 1.625765 -2.837311 6.052723
 42.360002 1.700358 -2.872096 4.874997
 42.380002 1.514753 -2.841268 7.787460
 42.400002 1.264962 -2.701418 10.296650
 42.420002 1.242170 -2.592612 10.385901
 42.440002 1.305712 -2.623367 10.075971
 42.460002 1.249867 -2.539523 10.358454
 42.480002 1.206855 -2.439572 10.477540
 42.500002 1.346514 -2.367373 9.778083
 42.520002 1.463625 -2.339072 8.502461
 42.540002 1.738202 -2.530394 4.312591
 42.560002 1.653213 -2.685190 5.612407
 42.580002 1.251730 -2.871308 10.351400
 42.600002 1.002397 -3.092247 10.093710
