#! FIELDS time phi sigma_phi height biasf
#! SET multivariate false
#! SET kerneltype gaussian
#! SET min_phi -pi
#! SET max_phi pi
      1.000000047497451     -1.066637455326754                   0.25      1.333333333333333                     10
      2.000000094994903     -1.143010419137072                   0.25      1.276284224464513                     10
      3.000000142492354     -0.608883607200795                   0.25      1.316051158772095                     10
      4.000000189989805    -0.8253489804845175                   0.25       1.23155032063474                     10
      5.000000237487257     -1.141717298584928                   0.25      1.192866053459651                     10
      6.000000284984708    -0.8346821303123129                   0.25      1.156895178804754                     10
      7.000000332482159     -1.399659842546616                   0.25      1.236675961319686                     10
       8.00000037997961     -1.631681008218317                   0.25      1.275725748816635                     10
      9.000000427477062     -1.492172092573076                   0.25      1.179733631956171                     10
      10.00000047497451     -0.582255870301172                   0.25      1.195239417105555                     10
      11.00000052247196    -0.7958164616714787                   0.25      1.085918677906728                     10
      12.00000056996942    -0.6973774374798354                   0.25      1.070945988687011                     10
      13.00000061746687      1.164209686151009                   0.25      1.333333333333333                     10
      14.00000066496432     0.7850502379811193                   0.25      1.314131216536584                     10
      15.00000071246177      1.253444188481835                   0.25      1.267294948581567                     10
      16.00000075995922     0.8490183149301611                   0.25      1.235548023449583                     10
      17.00000080745667     -1.783990567597107                   0.25      1.238403542999067                     10
      18.00000085495412      1.014186180401691                   0.25      1.171239469874905                     10
      19.00000090245157     0.5585132161807556                   0.25      1.252475235582478                     10
      20.00000094994903     0.3048679249139443                   0.25      1.284027602344208                     10
      21.00000099744648      1.614549938753012                   0.25       1.29753646520318                     10
      22.00000104494393     0.9223816809158816                   0.25       1.11155531562973                     10
      23.00000109244138      1.326334758008596                   0.25      1.156598805871588                     10
      24.00000113993883     0.7527760700337289                   0.25      1.092507098405932                     10
      25.00000118743628      1.527801347979576                   0.25      1.183389027889694                     10
      26.00000123493373      1.044576272947635                   0.25      1.028326291102445                     10
      27.00000128243119      1.347062809177539                   0.25      1.063287644698931                     10
      28.00000132992864      1.292300506398799                   0.25      1.009038005300556                     10
      29.00000137742609     0.6863576197655519                   0.25      1.055830505637761                     10
      30.00000142492354     -1.339266956061554                   0.25      1.081316943692211                     10
      31.00000147242099     -1.154803879401315                   0.25      1.017583773156919                     10
      32.00000151991844      2.216064070481644                   0.25      1.328710884222611                     10
      33.00000156741589      3.005104499471931                   0.25      1.332915197136627                     10
      34.00000161491334     -3.093429284564829                   0.25      1.287642710485803                     10
       35.0000016624108      3.096462455821086                   0.25      1.225651406741678                     10
      36.00000170990825     -2.899417905083916                   0.25       1.24437426721659                     10
       37.0000017574057      -1.10631456061236                   0.25     0.9784867595978158                     10
      38.00000180490315     -1.910240461021566                   0.25      1.230174655743476                     10
       39.0000018524006     -1.193010123893951                   0.25     0.9556689808580042                     10
      40.00000189989805      1.385201590493902                   0.25      1.004177267276369                     10
       41.0000019473955      1.639650421493064                   0.25      1.113403806957464                     10
      42.00000199489295      1.131715310407331                   0.25      0.921564372144454                     10
