250        ; n_cations
11         ; n_atoms
10         ; n_bonds
12         ; n_angles
14         ; n_dihedrals
4          ; atoms_typ
3          ; bonds_typ
4          ; angles_typ
3          ; dihedrals_typ

300        ; n_anions
15         ; n_atoms
14         ; n_bonds
25         ; n_angles
24         ; n_dihedrals
5          ; atoms_typ
4          ; bonds_typ
7          ; anlges_typ
4          ; dihedrals_typ

50         ; n_li
1          ; n_atoms
0          ; n_bonds
0          ; n_angles
0          ; n_dihedrals
1          ; atoms_typ
0          ; bonds_typ
0          ; anlges_typ
0          ; dihedrals_typ

   0.000   ; xlo
  32.224   ; xhi
   0.000   ; ylo
  34.268   ; yhi
-223.000   ; zlo
 223.000   ; zhi

13         ; typ_charges

Charge
 0.19600
 0.08720
 0.06560
 0.10880
 0.14240
-0.30560
 0.20000
 0.23905
 0.38760
-0.34064
-0.28704
-0.09408
 0.80000

Bonds
typ b1 b2
1  1  2
1  1  4
1  1  6
1  1  8
2  2  3
2  4  5
2  6  7
2  8  9
3  9 10
3 10 11
5 12 13
6 12 21
6 12 22
6 12 23
4 13 14
7 13 17
7 13 18
4 14 15
5 15 16
7 15 19
7 15 20
6 16 24
6 16 25
6 16 26

Angles
typ a1 a2 a3
 1  2  1  4
 1  2  1  6
 1  2  1  8
 1  4  1  6
 1  4  1  8
 1  6  1  8
 2  1  2  3
 2  1  4  5
 2  1  6  7
 2  1  8  9
 3  8  9 10
 4  9 10 11
 6 12 13 14
 9 12 13 17
 9 12 13 18
 7 13 14 15
 5 13 12 21
 5 13 12 22
 5 13 12 23
 6 14 15 16
10 14 13 17
10 14 13 18
10 14 15 19
10 14 15 20
 5 15 16 24
 5 15 16 25
 5 15 16 26
 9 16 15 19
 9 16 15 20
11 17 13 18
11 19 15 20
 8 21 12 22
 8 21 12 23
 8 22 12 23
 8 24 16 25
 8 24 16 26
 8 25 16 26

Dihedral
typ d1 d2 d3 d4
 1  2  1  4  5
 1  2  1  6  7
 1  2  1  8  9
 1  3  2  1  4
 1  3  2  1  6
 1  3  2  1  8
 1  4  1  6  7
 1  4  1  8  9
 1  5  4  1  6
 1  5  4  1  8
 1  6  1  8  9
 1  7  6  1  8
 2  1  8  9 10
 3  8  9 10 11
 5 12 13 14 15
 5 13 14 15 16
 7 13 14 15 19
 7 13 14 15 20
 4 14 13 12 21
 4 14 13 12 22
 4 14 13 12 23
 4 14 15 16 24
 4 14 15 16 25
 4 14 15 16 26
 7 15 14 13 17
 7 15 14 13 18
 6 17 13 12 21
 6 17 13 12 22
 6 17 13 12 23
 6 18 13 12 21
 6 18 13 12 22
 6 18 13 12 23
 6 19 15 16 24
 6 19 15 16 25
 6 19 15 16 26
 6 20 15 16 24
 6 20 15 16 25
 6 20 15 16 26
