#! FIELDS time d1 d2 a1
 0.000000 3.320167 4.143963 0.023838
 10.000000 3.413015 4.287254 0.050272
 20.000000 3.453864 4.147064 0.051642
 30.000000 3.569899 4.203620 0.053866
 40.000000 3.539316 4.300667 0.027753
 50.000000 3.466654 4.139977 0.060334
 60.000000 3.549661 4.233364 0.012266
 70.000000 3.391812 4.129682 0.054879
 80.000000 3.444795 4.134307 0.029125
 90.000000 3.481112 4.082499 0.079182
 100.000000 3.457131 4.024430 0.070608
 110.000000 3.431476 3.955532 0.045130
 120.000000 3.478195 4.008107 0.049472
 130.000000 3.331037 4.007354 0.079587
 140.000000 3.537212 4.103865 0.078889
 150.000000 3.550110 4.110793 0.034055
 160.000000 3.573526 4.070819 0.056522
 170.000000 3.572874 4.060403 0.049431
 180.000000 3.434052 4.054940 0.034977
 190.000000 3.501248 3.969581 0.018747
 200.000000 3.461840 4.116629 0.081971
 210.000000 3.438916 4.031092 0.039789
 220.000000 3.414266 4.077491 0.189658
 230.000000 3.423629 4.233416 0.048969
 240.000000 3.401106 4.217122 0.193066
 250.000000 3.265219 3.864696 0.090612
 260.000000 3.273266 3.878914 0.058363
 270.000000 3.348724 3.918964 0.056902
 280.000000 3.234679 3.988818 0.035667
 290.000000 3.310639 3.912351 0.055741
 300.000000 3.307833 4.056652 0.055786
 310.000000 3.186151 3.951549 0.069661
 320.000000 3.114995 3.982692 0.073324
 330.000000 3.106736 3.917610 0.119588
 340.000000 3.211155 3.974048 0.088510
 350.000000 3.117198 4.092956 0.048508
 360.000000 3.151566 4.147135 0.046042
 370.000000 3.142144 4.067688 0.038505
 380.000000 3.111962 4.045539 0.103299
 390.000000 3.064331 3.938198 0.083825
 400.000000 3.095691 3.974419 0.094811
 410.000000 3.084760 3.922472 0.068688
 420.000000 3.146271 4.045350 0.050847
 430.000000 3.171637 4.100849 0.127883
 440.000000 3.079368 3.981998 0.108948
 450.000000 3.164411 4.101324 0.108132
 460.000000 3.152225 4.135075 0.046570
 470.000000 3.122644 4.032511 0.100997
 480.000000 3.177810 4.110226 0.071306
 490.000000 3.178978 4.081689 0.099341
 500.000000 3.258463 4.100015 0.076515
 510.000000 3.181123 4.023909 0.079963
 520.000000 3.049901 3.928172 0.046315
 530.000000 3.156862 3.947354 0.048765
 540.000000 3.114495 3.959970 0.026550
 550.000000 3.128908 4.045099 0.070594
 560.000000 3.012195 3.899477 0.093643
 570.000000 3.056586 3.842023 0.072383
 580.000000 3.139475 3.829703 0.044445
 590.000000 2.984815 3.844008 0.133657
 600.000000 2.986290 3.799609 0.047744
 610.000000 3.065499 3.874690 0.050300
 620.000000 3.213179 3.797478 0.054772
 630.000000 3.222113 3.806475 0.018288
 640.000000 3.199176 3.775130 0.086473
 650.000000 3.127026 3.812303 0.118031
 660.000000 3.203914 3.891548 0.064100
 670.000000 3.227319 3.790795 0.049848
 680.000000 3.215287 3.613775 0.081849
 690.000000 3.228085 3.804907 0.080165
 700.000000 3.365211 3.830058 0.034822
 710.000000 3.226933 3.749397 0.080532
 720.000000 3.308327 3.982965 0.032707
 730.000000 3.211893 3.879868 0.102828
 740.000000 3.198285 3.855249 0.050863
 750.000000 3.121863 3.817346 0.098395
 760.000000 3.223645 3.898585 0.039718
 770.000000 3.200184 3.702461 0.145891
 780.000000 3.026688 3.674665 0.098391
 790.000000 2.985883 3.614841 0.107970
 800.000000 3.201637 3.693481 0.036703
 810.000000 3.160780 3.617150 0.096974
 820.000000 3.176810 3.661803 0.053272
 830.000000 3.159826 3.514615 0.051603
 840.000000 3.184641 3.580517 0.030373
 850.000000 3.331493 3.719329 0.040114
 860.000000 3.196537 3.629004 0.073390
 870.000000 3.094801 3.641279 0.108521
 880.000000 3.208068 3.616573 0.090720
 890.000000 3.220854 3.501737 0.105099
 900.000000 3.328131 3.560986 0.052857
 910.000000 3.209310 3.553518 0.062103
 920.000000 3.107679 3.643620 0.058012
 930.000000 3.252295 3.823460 0.025103
 940.000000 3.142027 3.706184 0.069365
 950.000000 3.261013 3.837529 0.037581
 960.000000 3.058450 3.791466 0.087365
 970.000000 3.107308 3.928119 0.109263
 980.000000 3.097529 4.002660 0.056001
 990.000000 3.120690 4.005607 0.049684
 1000.000000 3.188482 4.009316 0.084769
 1010.000000 3.071831 4.014146 0.125725
 1020.000000 2.950339 3.888853 0.031986
 1030.000000 2.992097 3.911903 0.212464
 1040.000000 3.023586 3.931320 0.096745
 1050.000000 2.938764 3.666763 0.101881
 1060.000000 2.983281 3.667114 0.095711
 1070.000000 3.041961 3.734299 0.082746
 1080.000000 2.957544 3.685180 0.034826
 1090.000000 3.125307 3.914821 0.056236
 1100.000000 3.033083 3.897788 0.043009
 1110.000000 2.937883 3.863845 0.016308
 1120.000000 2.933792 3.924747 0.064150
 1130.000000 2.859613 3.905080 0.064151
 1140.000000 3.030666 3.973856 0.051372
 1150.000000 2.920599 3.871403 0.040433
 1160.000000 3.020540 4.070121 0.054050
 1170.000000 2.979805 4.001737 0.046262
 1180.000000 2.982624 3.912445 0.029650
 1190.000000 3.137672 3.878117 0.046477
 1200.000000 3.057028 3.861588 0.066805
 1210.000000 3.160233 3.950551 0.035926
 1220.000000 2.976063 3.723916 0.063932
 1230.000000 3.035718 3.864796 0.089607
 1240.000000 3.234556 3.890431 0.045322
 1250.000000 3.191622 3.973735 0.047418
 1260.000000 3.200772 4.000040 0.076041
 1270.000000 3.142643 3.849414 0.074021
 1280.000000 3.179629 4.015174 0.089725
 1290.000000 3.235696 4.001865 0.044432
 1300.000000 3.260524 3.923442 0.089238
 1310.000000 3.110348 3.884197 0.137634
 1320.000000 3.082690 3.829219 0.073114
 1330.000000 2.941334 3.781546 0.126327
 1340.000000 3.109707 3.943772 0.041154
 1350.000000 3.057716 3.899878 0.039386
 1360.000000 3.518431 4.108697 0.046233
 1370.000000 3.444137 4.045756 0.066426
 1380.000000 3.357646 4.046305 0.134915
 1390.000000 3.421589 4.111075 0.052473
 1400.000000 3.313524 4.085127 0.066289
 1410.000000 3.333949 4.282823 0.083803
 1420.000000 3.449448 4.264136 0.095232
 1430.000000 3.371323 4.072193 0.035323
 1440.000000 3.500614 4.257656 0.056805
 1450.000000 3.605984 4.269087 0.066391
 1460.000000 3.508067 4.242923 0.095280
 1470.000000 3.516186 4.169147 0.052776
 1480.000000 3.402388 4.190399 0.081710
 1490.000000 3.353250 4.136025 0.047473
 1500.000000 3.387353 4.084402 0.089315
 1510.000000 3.186565 3.846452 0.028893
 1520.000000 3.358266 4.014659 0.063984
 1530.000000 3.177856 3.912655 0.054802
 1540.000000 3.311305 4.026328 0.043843
 1550.000000 3.412893 4.067692 0.030150
 1560.000000 3.399177 4.127738 0.097637
 1570.000000 3.374063 4.006248 0.065443
 1580.000000 3.233596 3.958690 0.059484
 1590.000000 3.266272 4.062395 0.014542
 1600.000000 3.381656 4.007236 0.092545
 1610.000000 3.322750 4.048623 0.027305
 1620.000000 3.221643 3.967607 0.075316
 1630.000000 3.217222 3.870370 0.074341
 1640.000000 3.401757 4.375408 0.051145
 1650.000000 3.426904 4.409750 0.089017
 1660.000000 3.434483 4.408244 0.043822
 1670.000000 3.387492 4.392355 0.038493
 1680.000000 3.393207 4.061750 0.020185
 1690.000000 3.342213 4.024998 0.032658
 1700.000000 3.229465 4.415820 0.039295
 1710.000000 3.205602 3.945935 0.138189
 1720.000000 3.282759 3.839792 0.050432
 1730.000000 3.245545 3.974069 0.070896
 1740.000000 3.104750 4.455166 0.030419
 1750.000000 3.162540 4.406634 0.055073
 1760.000000 3.055992 4.234368 0.073722
 1770.000000 3.130812 3.739629 0.042677
 1780.000000 3.212571 4.168865 0.069588
 1790.000000 3.280493 3.849984 0.057996
 1800.000000 3.189788 4.318532 0.037213
 1810.000000 3.228694 3.838117 0.056612
 1820.000000 3.219230 3.854792 0.059715
 1830.000000 3.178614 3.910763 0.088376
 1840.000000 3.258261 4.393774 0.056780
 1850.000000 3.336865 4.388191 0.162649
 1860.000000 3.405120 4.368447 0.056201
 1870.000000 3.289237 3.950268 0.098046
 1880.000000 3.424025 4.393042 0.112956
 1890.000000 3.313315 4.301344 0.060910
 1900.000000 3.220588 4.216516 0.050649
 1910.000000 3.407683 4.350197 0.007809
 1920.000000 3.486076 4.522955 0.042198
 1930.000000 3.584175 4.522320 0.059276
 1940.000000 3.483460 4.454263 0.045704
 1950.000000 3.563904 4.566842 0.036717
 1960.000000 3.622213 4.472851 0.103374
 1970.000000 3.609465 4.455780 0.038962
 1980.000000 3.607498 4.499078 0.038744
 1990.000000 3.615913 4.622985 0.021265
 2000.000000 3.408987 4.417834 0.031827
 2010.000000 3.736683 4.681197 0.042876
 2020.000000 3.669921 4.791041 0.052855
 2030.000000 3.772386 4.521417 0.073163
 2040.000000 3.589213 4.580411 0.038453
 2050.000000 3.664608 4.742482 0.021594
 2060.000000 3.641008 4.186507 0.033810
 2070.000000 3.589061 4.238766 0.067882
 2080.000000 3.721646 4.424406 0.023635
 2090.000000 3.723345 4.393267 0.055543
 2100.000000 3.768504 4.496123 0.040922
 2110.000000 3.831266 3.831266 0.129405
 2120.000000 3.876870 4.506709 0.084571
 2130.000000 3.802884 3.802884 0.063838
 2140.000000 3.711070 3.711070 0.023152
 2150.000000 3.841945 4.467764 0.019749
 2160.000000 3.824414 4.475131 0.007484
 2170.000000 4.041400 4.559291 0.056855
 2180.000000 4.064565 4.393833 0.025712
 2190.000000 4.005466 4.303949 0.078572
 2200.000000 4.226958 4.486996 0.051328
 2210.000000 4.225916 4.637680 0.062500
 2220.000000 4.176283 4.371595 0.086242
 2230.000000 4.199395 4.454149 0.050904
 2240.000000 4.091593 4.439722 0.025426
 2250.000000 4.193339 4.501295 0.055410
 2260.000000 4.242517 4.518983 0.098987
 2270.000000 4.301477 4.494313 0.077576
 2280.000000 4.394667 4.694631 0.046251
 2290.000000 4.471730 4.674322 0.047061
 2300.000000 4.532167 4.645490 0.018400
 2310.000000 4.598370 4.829303 0.035160
 2320.000000 4.642883 4.749985 0.051760
 2330.000000 4.578596 4.601654 0.046914
 2340.000000 4.306784 4.532892 0.063526
 2350.000000 4.392861 4.562831 0.063774
 2360.000000 4.384724 4.566385 0.031662
 2370.000000 4.463058 4.571377 0.101201
 2380.000000 4.312086 4.401621 0.084697
 2390.000000 4.447838 4.677218 0.041416
 2400.000000 4.300050 4.600099 0.077382
 2410.000000 4.271974 4.464209 0.076015
 2420.000000 4.196108 4.445283 0.043533
 2430.000000 4.197353 4.493306 0.145094
 2440.000000 4.386188 4.661104 0.055582
 2450.000000 4.486532 4.732392 0.037950
 2460.000000 4.422170 4.695228 0.090182
 2470.000000 4.372487 4.610881 0.115363
 2480.000000 4.364650 4.609474 0.041905
 2490.000000 4.477285 4.540857 0.021758
 2500.000000 4.369603 4.416043 0.008791
 2510.000000 4.415157 4.416033 0.098555
 2520.000000 4.444962 4.560782 0.090315
 2530.000000 4.449639 4.449639 0.100485
 2540.000000 4.542617 4.599419 0.014292
 2550.000000 4.581682 4.581682 0.065177
 2560.000000 4.449636 4.449636 0.029080
 2570.000000 4.510522 4.607350 0.033037
 2580.000000 4.601004 4.621623 0.047316
 2590.000000 4.558057 4.558057 0.105020
 2600.000000 4.447304 4.447304 0.051787
 2610.000000 4.435632 4.435632 0.009545
 2620.000000 4.503308 4.506161 0.036477
 2630.000000 4.524903 4.529924 0.107277
 2640.000000 4.523662 4.523662 0.034762
 2650.000000 4.503064 4.595427 0.009705
 2660.000000 4.625236 4.651390 0.032793
 2670.000000 4.583600 4.638790 0.087696
 2680.000000 4.533284 4.551777 0.048985
 2690.000000 4.545294 4.545294 0.036664
 2700.000000 4.589810 4.589810 0.111649
 2710.000000 4.601878 4.601878 0.072549
 2720.000000 4.594477 4.594477 0.013394
 2730.000000 4.505106 4.505106 0.037978
 2740.000000 4.439202 4.439202 0.073840
 2750.000000 4.366982 4.366982 0.025345
 2760.000000 4.482225 4.482225 0.083228
 2770.000000 4.471784 4.471784 0.060053
 2780.000000 4.368219 4.368219 0.027951
 2790.000000 4.498073 4.498073 0.019890
 2800.000000 4.590180 4.590180 0.026062
 2810.000000 4.456810 4.456810 0.002632
 2820.000000 4.228075 4.228075 0.013367
 2830.000000 4.255573 4.255573 0.008506
 2840.000000 4.235539 4.235539 0.035254
 2850.000000 4.309982 4.309982 0.053443
 2860.000000 4.350190 4.350190 0.053337
 2870.000000 4.358570 4.358570 0.033021
 2880.000000 4.483686 4.483686 0.036173
 2890.000000 4.425889 4.425889 0.046678
 2900.000000 4.291047 4.291047 0.050068
 2910.000000 4.381339 4.381339 0.103622
 2920.000000 4.313114 4.313114 0.076387
 2930.000000 4.437532 4.437532 0.041591
 2940.000000 4.363382 4.363382 0.052741
 2950.000000 4.277306 4.277306 0.011250
 2960.000000 4.379617 4.379617 0.082619
 2970.000000 4.419563 4.548217 0.069860
 2980.000000 4.366214 4.366214 0.052448
 2990.000000 4.437868 4.437868 0.023561
 3000.000000 4.443415 4.443415 0.045322
 3010.000000 4.438015 4.438015 0.066773
 3020.000000 4.347611 4.347611 0.042701
 3030.000000 4.382788 4.452854 0.015504
 3040.000000 4.533493 4.576946 0.033531
 3050.000000 4.465204 4.585428 0.012481
 3060.000000 4.462965 4.576239 0.034438
 3070.000000 4.510377 4.537830 0.017721
 3080.000000 4.578120 4.578120 0.026037
 3090.000000 4.625977 4.625977 0.025721
 3100.000000 4.472621 4.472621 0.049534
 3110.000000 4.655316 4.655316 0.031006
 3120.000000 4.430347 4.430347 0.080860
 3130.000000 4.503952 4.503952 0.086809
 3140.000000 4.526277 4.526277 0.045539
 3150.000000 4.364606 4.364606 0.009851
 3160.000000 4.479655 4.479655 0.070514
 3170.000000 4.441768 4.441768 0.032891
 3180.000000 4.497572 4.497572 0.107853
 3190.000000 4.508858 4.508858 0.021263
 3200.000000 4.484226 4.484226 0.027327
 3210.000000 4.501331 4.501331 0.064960
 3220.000000 4.477751 4.477751 0.067145
 3230.000000 4.483064 4.483064 0.083687
 3240.000000 4.487458 4.487458 0.034120
 3250.000000 4.556723 4.556723 0.039232
 3260.000000 4.537796 4.537796 0.046352
 3270.000000 4.449926 4.449926 0.062071
 3280.000000 4.446249 4.446249 0.079937
 3290.000000 4.625209 4.625209 0.052190
 3300.000000 4.517293 4.517293 0.096051
 3310.000000 4.667837 4.667837 0.046339
 3320.000000 4.595114 4.595114 0.034198
 3330.000000 4.515846 4.515846 0.046599
 3340.000000 4.538971 4.538971 0.091078
 3350.000000 4.677050 4.677050 0.058499
 3360.000000 4.519825 4.519825 0.059913
 3370.000000 4.705717 4.860573 0.123028
 3380.000000 4.637578 4.759828 0.104190
 3390.000000 4.692881 4.692881 0.026506
 3400.000000 4.473207 4.473207 0.118903
 3410.000000 4.506199 4.506199 0.043697
 3420.000000 4.420862 4.420862 0.041208
 3430.000000 4.313205 4.313205 0.082805
 3440.000000 4.378456 4.378456 0.037455
 3450.000000 4.378297 4.673349 0.082360
 3460.000000 4.387998 4.655939 0.034107
 3470.000000 4.261644 4.585125 0.095894
 3480.000000 4.393060 4.393060 0.062403
 3490.000000 4.344405 4.344405 0.029702
 3500.000000 4.404966 4.404966 0.111657
 3510.000000 4.451491 4.451491 0.014488
 3520.000000 4.394882 4.394882 0.066719
 3530.000000 4.411386 4.411386 0.065940
 3540.000000 4.317160 4.317160 0.137629
 3550.000000 4.293766 4.293766 0.044945
 3560.000000 4.613401 4.778781 0.058077
 3570.000000 4.600735 4.729841 0.064794
 3580.000000 4.714128 4.852253 0.064892
 3590.000000 4.546029 4.725055 0.062701
 3600.000000 4.596419 4.746187 0.063141
 3610.000000 4.632397 4.765058 0.073720
 3620.000000 4.662642 4.705848 0.061924
 3630.000000 4.682492 4.856471 0.028397
 3640.000000 4.545568 4.709550 0.018731
 3650.000000 4.622060 4.703868 0.020108
 3660.000000 4.594727 4.594727 0.041997
 3670.000000 4.622349 4.622349 0.049483
 3680.000000 4.594204 4.626772 0.054990
 3690.000000 4.532367 4.632845 0.057358
 3700.000000 4.730822 4.800910 0.071586
 3710.000000 4.663381 4.739380 0.038033
 3720.000000 4.701675 4.727474 0.066614
 3730.000000 4.676710 4.695599 0.061421
 3740.000000 4.683554 4.740522 0.038064
 3750.000000 4.656295 4.671440 0.034142
 3760.000000 4.805966 4.839384 0.088417
 3770.000000 4.691710 4.777063 0.062094
 3780.000000 4.598511 4.699154 0.114961
 3790.000000 4.737659 4.856598 0.034471
 3800.000000 4.623390 4.631306 0.079542
 3810.000000 4.594733 4.594733 0.031511
 3820.000000 4.543016 4.543016 0.068024
 3830.000000 4.580462 4.699194 0.095582
 3840.000000 4.672231 4.672231 0.048206
 3850.000000 4.652363 4.710965 0.076236
 3860.000000 4.712627 4.789758 0.044337
 3870.000000 4.721570 4.721570 0.045270
 3880.000000 4.696771 4.772970 0.040847
 3890.000000 4.659576 4.813892 0.118596
 3900.000000 4.625610 4.772632 0.074182
 3910.000000 4.740751 4.781793 0.054235
 3920.000000 4.626120 4.777511 0.060901
 3930.000000 4.618591 4.736473 0.037456
 3940.000000 4.757753 4.761200 0.056309
 3950.000000 4.765732 4.788397 0.059377
 3960.000000 4.811510 4.849485 0.064988
 3970.000000 4.676436 4.800141 0.119504
 3980.000000 4.500062 4.607218 0.032892
 3990.000000 4.540197 4.688054 0.045158
 4000.000000 4.549555 4.652484 0.104153
 4010.000000 4.691258 4.803058 0.018291
 4020.000000 4.703489 4.837978 0.084573
 4030.000000 4.652404 4.852484 0.023408
 4040.000000 4.497062 4.818266 0.089410
 4050.000000 4.679068 4.715239 0.104485
 4060.000000 4.669532 4.826668 0.096387
 4070.000000 4.661196 4.834726 0.066639
 4080.000000 4.676254 4.788942 0.111095
 4090.000000 4.772230 4.836063 0.060609
 4100.000000 4.594244 4.655883 0.029543
 4110.000000 4.681919 4.751874 0.035724
 4120.000000 4.623745 4.750956 0.114459
 4130.000000 4.869583 4.869583 0.062178
 4140.000000 5.015413 5.155203 0.019961
 4150.000000 4.788819 4.913931 0.130588
 4160.000000 4.800924 4.901740 0.015746
 4170.000000 4.714485 4.863353 0.017195
 4180.000000 4.744117 4.969565 0.015638
 4190.000000 4.728536 4.866156 0.068304
 4200.000000 4.784564 4.973503 0.024855
 4210.000000 4.667628 4.844832 0.028425
 4220.000000 4.725851 4.789061 0.046133
 4230.000000 4.742287 4.886848 0.050983
 4240.000000 4.683947 4.851542 0.140589
 4250.000000 4.687074 4.918465 0.035336
 4260.000000 4.780425 4.937617 0.123675
 4270.000000 4.602404 4.759500 0.104632
 4280.000000 4.618895 4.840001 0.069435
 4290.000000 4.738171 4.847720 0.019124
 4300.000000 4.593439 4.679489 0.045592
 4310.000000 4.624918 4.785204 0.066280
 4320.000000 4.521022 4.798321 0.107059
 4330.000000 4.613414 4.714428 0.095988
 4340.000000 4.679289 4.821509 0.107224
 4350.000000 4.663274 4.700784 0.071491
 4360.000000 4.548354 4.708663 0.057873
 4370.000000 4.535112 4.643074 0.023825
 4380.000000 4.625584 4.727988 0.059429
 4390.000000 4.755380 4.755380 0.080299
 4400.000000 4.723684 4.723684 0.029062
 4410.000000 4.658336 4.677508 0.149843
 4420.000000 4.703918 4.712265 0.076355
 4430.000000 4.623965 4.715544 0.026902
 4440.000000 4.868928 4.884191 0.096091
 4450.000000 4.886619 4.887638 0.063125
 4460.000000 4.833959 4.833959 0.067800
 4470.000000 4.807927 4.807927 0.016346
 4480.000000 4.888681 4.888681 0.106582
 4490.000000 4.934906 4.966188 0.089911
 4500.000000 4.872451 4.872451 0.040302
 4510.000000 4.801514 4.801514 0.055359
 4520.000000 4.847332 4.847332 0.043846
 4530.000000 4.760173 4.760173 0.016069
 4540.000000 4.792025 4.792025 0.094691
 4550.000000 4.789890 4.799438 0.073942
 4560.000000 4.820704 4.820704 0.061315
 4570.000000 4.827631 4.865328 0.036759
 4580.000000 4.954696 4.985985 0.098576
 4590.000000 4.885329 4.946150 0.059029
 4600.000000 4.980404 5.059404 0.088349
 4610.000000 4.951981 4.992946 0.023669
 4620.000000 4.983838 5.026031 0.070041
 4630.000000 5.034305 5.100411 0.131073
 4640.000000 4.967656 5.122366 0.097029
 4650.000000 4.949371 5.082047 0.090483
 4660.000000 5.010317 5.093572 0.078887
 4670.000000 5.104955 5.190975 0.105860
 4680.000000 5.050994 5.250612 0.099816
 4690.000000 4.951332 5.307185 0.062293
 4700.000000 4.971531 5.258720 0.048401
 4710.000000 5.020548 5.217375 0.074763
 4720.000000 5.016476 5.227593 0.095122
 4730.000000 5.110359 5.184944 0.141948
 4740.000000 4.862058 5.082225 0.079441
 4750.000000 4.824069 5.092934 0.083151
 4760.000000 4.952032 5.182321 0.062066
 4770.000000 4.919183 5.229899 0.109432
 4780.000000 5.043636 5.271693 0.129914
 4790.000000 5.021122 5.246218 0.076127
 4800.000000 4.984397 5.181810 0.073658
 4810.000000 4.876210 5.095741 0.112313
 4820.000000 5.060201 5.234455 0.033896
 4830.000000 4.999402 5.168458 0.067845
 4840.000000 4.941034 5.088039 0.069014
 4850.000000 4.935474 5.090154 0.094454
 4860.000000 5.161298 5.181848 0.067702
 4870.000000 5.293594 5.331604 0.069961
 4880.000000 5.010450 5.159587 0.046526
 4890.000000 4.975548 5.087503 0.017827
 4900.000000 4.940355 5.130198 0.038084
 4910.000000 4.987169 5.101059 0.051820
 4920.000000 5.201363 5.272872 0.041658
 4930.000000 5.184317 5.287940 0.027861
 4940.000000 5.192613 5.324613 0.100599
 4950.000000 5.287584 5.426152 0.107983
 4960.000000 5.356282 5.391160 0.051494
 4970.000000 5.359259 5.373457 0.081067
 4980.000000 5.285090 5.285090 0.028476
 4990.000000 5.136564 5.136564 0.053985
 5000.000000 5.305974 5.305974 0.024453
