#! FIELDS time d1 d2 metad.bias
 0.000000 2.571188 2.571188 0.000000
 0.020000 2.568687 2.568687 0.000000
 0.040000 2.566271 2.566271 1.199912
 0.060000 2.564539 2.564539 2.399697
 0.080000 2.562643 2.562643 3.599201
 0.100000 2.560739 2.560739 4.798323
 0.120000 2.559411 2.559411 5.997427
 0.140000 2.557987 2.557987 7.196142
 0.160000 2.556470 2.556470 8.394338
 0.180000 2.555666 2.555666 9.593177
 0.200000 2.554776 2.554776 10.791699
 0.220000 2.553287 2.553287 11.988717
 0.240000 2.552106 2.552106 13.185858
 0.260000 2.551727 2.551727 14.384841
 0.280000 2.550832 2.550832 15.582223
 0.300000 2.549571 2.549571 16.777981
 0.320000 2.548872 2.548872 17.975340
 0.340000 2.548052 2.548052 19.171947
 0.360000 2.546821 2.546821 20.366229
 0.380000 2.545847 2.545847 21.561149
 0.400000 2.545163 2.545163 22.757266
 0.420000 2.544137 2.544137 23.950933
 0.440000 2.543137 2.543137 25.144139
 0.460000 2.542249 2.542249 26.337571
 0.480000 2.541336 2.541336 27.530261
 0.500000 2.540337 2.540337 28.721606
 0.520000 2.539144 2.539144 29.910301
 0.540000 2.537819 2.537819 31.096491
 0.560000 2.537103 2.537103 32.288448
 0.580000 2.536282 2.536282 33.478718
 0.600000 2.534653 2.534653 34.657711
 0.620000 2.533021 2.533021 35.834329
 0.640000 2.531710 2.531710 37.013814
 0.660000 2.529460 2.529460 38.174867
 0.680000 2.526782 2.526782 39.322184
 0.700000 2.525462 2.525462 40.493612
 0.720000 2.522996 2.522996 41.635522
 0.740000 2.519648 2.519648 42.746532
 0.760000 2.518127 2.518127 43.902209
 0.780000 2.516738 2.516738 45.059513
 0.800000 2.513821 2.513821 46.162821
 0.820000 2.511776 2.511776 47.289291
 0.840000 2.510772 2.510772 48.451439
 0.860000 2.507667 2.507667 49.526679
 0.880000 2.504110 2.504110 50.569400
 0.900000 2.502062 2.502062 51.671813
 0.920000 2.498758 2.498758 52.703306
 0.940000 2.493212 2.493212 53.589315
 0.960000 2.487512 2.487512 54.425648
 0.980000 2.481484 2.481484 55.195929
 1.000000 2.471652 2.471652 55.595558
 1.020000 2.461005 2.461005 55.792855
 1.040000 2.451646 2.451646 55.997988
 1.060000 2.439182 2.439182 55.715083
 1.080000 2.424528 2.424528 54.955067
 1.100000 2.412443 2.412443 54.377052
 1.120000 2.399894 2.399894 53.591040
 1.140000 2.382445 2.382445 51.821724
 1.160000 2.364289 2.364289 49.721437
 1.180000 2.344720 2.344720 47.185215
 1.200000 2.323833 2.323833 44.266537
 1.220000 2.305316 2.305316 41.764732
 1.240000 2.286720 2.286720 39.251503
 1.260000 2.265879 2.265879 36.349781
 1.280000 2.245090 2.245090 33.573786
 1.300000 2.224125 2.224125 30.924717
 1.320000 2.204911 2.204911 28.767186
 1.340000 2.187400 2.187400 27.063528
 1.360000 2.171114 2.171114 25.702891
 1.380000 2.154416 2.154416 24.418448
 1.400000 2.136237 2.136237 23.073882
 1.420000 2.119242 2.119242 22.041617
 1.440000 2.103118 2.103118 21.248166
 1.460000 2.086490 2.086490 20.510592
 1.480000 2.071083 2.071083 20.014100
 1.500000 2.058450 2.058450 19.887751
 1.520000 2.046438 2.046438 19.875012
 1.540000 2.029554 2.029554 19.440554
 1.560000 2.012264 2.012264 19.041578
 1.580000 1.997075 1.997075 18.890919
 1.600000 1.982661 1.982661 18.848752
 1.620000 1.967911 1.967911 18.810817
 1.640000 1.952014 1.952014 18.707457
 1.660000 1.936483 1.936483 18.659010
 1.680000 1.920952 1.920952 18.630092
 1.700000 1.905509 1.905509 18.622890
 1.720000 1.890369 1.890369 18.650118
 1.740000 1.872942 1.872942 18.509436
 1.760000 1.855385 1.855385 18.357357
 1.780000 1.839671 1.839671 18.333156
 1.800000 1.821328 1.821328 18.120482
 1.820000 1.800989 1.800989 17.779756
 1.840000 1.778440 1.778440 17.288288
 1.860000 1.756170 1.756170 16.835720
 1.880000 1.735788 1.735788 16.534763
 1.900000 1.715744 1.715744 16.272771
 1.920000 1.698871 1.698871 16.256294
 1.940000 1.684507 1.684507 16.429427
 1.960000 1.669187 1.669187 16.542042
 1.980000 1.652559 1.652559 16.569778
 2.000000 1.634985 1.634985 16.538608
 2.020000 1.615686 1.615686 16.395266
 2.040000 1.596511 1.596511 16.269202
 2.060000 1.578349 1.578349 16.220920
 2.080000 1.559189 1.559189 16.113966
 2.100000 1.540159 1.540159 16.020811
 2.120000 1.522848 1.522848 16.050221
 2.140000 1.507711 1.507711 16.230136
 2.160000 1.492338 1.492338 16.396156
 2.180000 1.479060 1.479060 16.703210
 2.200000 1.467173 1.467173 17.105055
 2.220000 1.453171 1.453171 17.359278
 2.240000 1.439206 1.439206 17.611088
 2.260000 1.425571 1.425571 17.879241
 2.280000 1.410443 1.410443 18.037119
 2.300000 1.396344 1.396344 18.259462
 2.320000 1.380965 1.380965 18.380350
 2.340000 1.365314 1.365314 18.470566
 2.360000 1.349208 1.349208 18.514365
 2.380000 1.333689 1.333689 18.591539
 2.400000 1.317212 1.317212 18.587871
 2.420000 1.298667 1.298667 18.420537
 2.440000 1.281525 1.281525 18.346974
 2.460000 1.266486 1.266486 18.423212
 2.480000 1.251912 1.251912 18.529309
 2.500000 1.235612 1.235612 18.500620
 2.520000 1.216777 1.216777 18.275686
 2.540000 1.199777 1.199777 18.186792
 2.560000 1.184482 1.184482 18.226200
 2.580000 1.168052 1.168052 18.179500
 2.600000 1.152687 1.152687 18.213826
 2.620000 1.136000 1.136000 18.148762
 2.640000 1.119826 1.119826 18.124023
 2.660000 1.105611 1.105611 18.248768
 2.680000 1.092560 1.092560 18.461915
 2.700000 1.077880 1.077880 18.554309
 2.720000 1.064264 1.064264 18.723899
 2.740000 1.052513 1.052513 19.035378
 2.760000 1.040151 1.040151 19.296121
 2.780000 1.029109 1.029109 19.656166
 2.800000 1.020664 1.020664 20.209188
 2.820000 1.013830 1.013830 20.885071
 2.840000 1.006256 1.006256 21.498520
 2.860000 0.998603 0.998603 22.103864
 2.880000 0.989975 0.989975 22.624650
 2.900000 0.981881 0.981881 23.182841
 2.920000 0.974916 0.974916 23.822277
 2.940000 0.968792 0.968792 24.526288
 2.960000 0.963706 0.963706 25.310126
 2.980000 0.958859 0.958859 26.107412
 3.000000 0.954247 0.954247 26.922436
 3.020000 0.949400 0.949400 27.713101
 3.040000 0.944211 0.944211 28.467010
 3.060000 0.939810 0.939810 29.285664
 3.080000 0.936029 0.936029 30.154176
 3.100000 0.932740 0.932740 31.062594
 3.120000 0.929550 0.929550 31.976727
 3.140000 0.926812 0.926812 32.926486
 3.160000 0.924442 0.924442 33.910001
 3.180000 0.922117 0.922117 34.895517
 3.200000 0.920296 0.920296 35.926134
 3.220000 0.918797 0.918797 36.985688
 3.240000 0.917446 0.917446 38.058305
 3.260000 0.915933 0.915933 39.114606
 3.280000 0.914711 0.914711 40.197744
 3.300000 0.913563 0.913563 41.287319
 3.320000 0.911776 0.911776 42.313858
 3.340000 0.909689 0.909689 43.309164
 3.360000 0.908029 0.908029 44.342187
 3.380000 0.906309 0.906309 45.369858
 3.400000 0.903995 0.903995 46.335011
 3.420000 0.901460 0.901460 47.273852
 3.440000 0.899009 0.899009 48.217174
 3.460000 0.896205 0.896205 49.118420
 3.480000 0.893446 0.893446 50.018904
 3.500000 0.890962 0.890962 50.944590
 3.520000 0.887824 0.887824 51.789180
 3.540000 0.884537 0.884537 52.611199
 3.560000 0.881966 0.881966 53.509841
 3.580000 0.879952 0.879952 54.469955
 3.600000 0.877768 0.877768 55.406151
 3.620000 0.875487 0.875487 56.326315
 3.640000 0.873112 0.873112 57.230295
 3.660000 0.870662 0.870662 58.117383
 3.680000 0.867930 0.867930 58.964916
 3.700000 0.865410 0.865410 59.833835
 3.720000 0.862497 0.862497 60.643845
 3.740000 0.859591 0.859591 61.446767
 3.760000 0.857194 0.857194 62.313440
 3.780000 0.855146 0.855146 63.224131
 3.800000 0.853094 0.853094 64.130170
 3.820000 0.850983 0.850983 65.021269
 3.840000 0.849141 0.849141 65.949979
 3.860000 0.847417 0.847417 66.892928
 3.880000 0.845522 0.845522 67.806919
 3.900000 0.844174 0.844174 68.801013
 3.920000 0.843228 0.843228 69.855403
 3.940000 0.842268 0.842268 70.906567
 3.960000 0.841337 0.841337 71.961346
 3.980000 0.841076 0.841076 73.120505
 4.000000 0.841009 0.841009 74.309971
 4.020000 0.840662 0.840662 75.455363
 4.040000 0.840946 0.840946 76.700041
 4.060000 0.842276 0.842276 78.107714
 4.080000 0.843801 0.843801 79.543106
 4.100000 0.845131 0.845131 80.945677
 4.120000 0.847336 0.847336 82.476375
 4.140000 0.850750 0.850750 84.174403
 4.160000 0.854426 0.854426 85.893584
 4.180000 0.858169 0.858169 87.598742
 4.200000 0.863000 0.863000 89.417543
 4.220000 0.869354 0.869354 91.372708
 4.240000 0.875300 0.875300 93.219527
 4.260000 0.883105 0.883105 95.170824
 4.280000 0.892503 0.892503 97.130737
 4.300000 0.902347 0.902347 98.947746
 4.320000 0.914255 0.914255 100.649713
 4.340000 0.926967 0.926967 102.081861
 4.360000 0.937419 0.937419 103.241918
 4.380000 0.949833 0.949833 104.122287
 4.400000 0.962124 0.962124 104.720350
 4.420000 0.975549 0.975549 104.945700
 4.440000 0.988333 0.988333 104.927480
 4.460000 1.003712 1.003712 104.305563
 4.480000 1.024183 1.024183 102.530725
 4.500000 1.045629 1.045629 100.034006
 4.520000 1.067528 1.067528 96.965217
 4.540000 1.091567 1.091567 93.055939
 4.560000 1.115170 1.115170 88.969729
 4.580000 1.140170 1.140170 84.442299
 4.600000 1.165228 1.165228 79.929931
 4.620000 1.189744 1.189744 75.700409
 4.640000 1.210883 1.210883 72.418706
 4.660000 1.232046 1.232046 69.368841
 4.680000 1.255671 1.255671 66.134527
 4.700000 1.279812 1.279812 63.167844
 4.720000 1.305087 1.305087 60.399267
 4.740000 1.332442 1.332442 57.746446
 4.760000 1.356375 1.356375 55.924445
 4.780000 1.380501 1.380501 54.372198
 4.800000 1.403331 1.403331 53.203240
 4.820000 1.424863 1.424863 52.349874
 4.840000 1.443392 1.443392 51.901820
 4.860000 1.459009 1.459009 51.784358
 4.880000 1.472404 1.472404 51.897855
 4.900000 1.483923 1.483923 52.189790
 4.920000 1.493205 1.493205 52.670444
 4.940000 1.500409 1.500409 53.321061
 4.960000 1.506454 1.506454 54.061536
 4.980000 1.510892 1.510892 54.925374
 5.000000 1.512466 1.512466 56.006212
 5.020000 1.512972 1.512972 57.167915
 5.040000 1.512331 1.512331 58.416474
 5.060000 1.509836 1.509836 59.804896
 5.080000 1.506781 1.506781 61.234829
 5.100000 1.502175 1.502175 62.779130
 5.120000 1.495537 1.495537 64.466886
 5.140000 1.488051 1.488051 66.209831
 5.160000 1.481124 1.481124 67.901410
 5.180000 1.474916 1.474916 69.530256
 5.200000 1.468275 1.468275 71.180277
 5.220000 1.461682 1.461682 72.812622
 5.240000 1.455460 1.455460 74.411033
 5.260000 1.449620 1.449620 75.973941
 5.280000 1.442618 1.442618 77.592074
 5.300000 1.434901 1.434901 79.236294
 5.320000 1.427468 1.427468 80.842601
 5.340000 1.420233 1.420233 82.422190
 5.360000 1.412842 1.412842 83.991323
 5.380000 1.406594 1.406594 85.486667
 5.400000 1.401067 1.401067 86.938918
 5.420000 1.395522 1.395522 88.379189
 5.440000 1.390102 1.390102 89.806376
 5.460000 1.385951 1.385951 91.173611
 5.480000 1.382360 1.382360 92.513474
 5.500000 1.379620 1.379620 93.817115
 5.520000 1.378092 1.378092 95.071491
 5.540000 1.377357 1.377357 96.298441
 5.560000 1.377102 1.377102 97.507752
 5.580000 1.378130 1.378130 98.670058
 5.600000 1.380992 1.380992 99.764864
 5.620000 1.384627 1.384627 100.822106
 5.640000 1.389776 1.389776 101.806802
 5.660000 1.397678 1.397678 102.645389
 5.680000 1.408116 1.408116 103.296809
 5.700000 1.420114 1.420114 103.762146
 5.720000 1.435609 1.435609 103.828025
 5.740000 1.453888 1.453888 103.401866
 5.760000 1.473046 1.473046 102.548050
 5.780000 1.492568 1.492568 101.283469
 5.800000 1.511868 1.511868 99.688334
 5.820000 1.530358 1.530358 97.896975
 5.840000 1.548917 1.548917 95.803431
 5.860000 1.571139 1.571139 92.724470
 5.880000 1.597756 1.597756 88.484249
 5.900000 1.624423 1.624423 83.996446
 5.920000 1.652652 1.652652 79.100546
 5.940000 1.682209 1.682209 74.021559
 5.960000 1.710806 1.710806 69.401255
 5.980000 1.737813 1.737813 65.441346
 6.000000 1.763005 1.763005 62.197902
 6.020000 1.787355 1.787355 59.474428
 6.040000 1.810470 1.810470 57.308344
 6.060000 1.835555 1.835555 55.254748
 6.080000 1.860067 1.860067 53.671544
 6.100000 1.884202 1.884202 52.430560
 6.120000 1.906315 1.906315 51.658946
 6.140000 1.928497 1.928497 51.112919
 6.160000 1.949038 1.949038 50.888328
 6.180000 1.969218 1.969218 50.852335
 6.200000 1.987335 1.987335 51.071259
 6.220000 2.005254 2.005254 51.417270
 6.240000 2.023287 2.023287 51.866298
 6.260000 2.039571 2.039571 52.482338
 6.280000 2.056013 2.056013 53.187244
 6.300000 2.073156 2.073156 53.967171
 6.320000 2.088398 2.088398 54.871511
 6.340000 2.101605 2.101605 55.894384
 6.360000 2.114882 2.114882 56.982878
 6.380000 2.129181 2.129181 58.144616
 6.400000 2.143922 2.143922 59.392382
 6.420000 2.154399 2.154399 60.682335
 6.440000 2.163592 2.163592 61.995159
 6.460000 2.171328 2.171328 63.319816
 6.480000 2.178510 2.178510 64.655872
 6.500000 2.184585 2.184585 65.983049
 6.520000 2.190195 2.190195 67.313783
 6.540000 2.194958 2.194958 68.634524
 6.560000 2.197708 2.197708 69.906429
 6.580000 2.199658 2.199658 71.157951
 6.600000 2.201510 2.201510 72.405480
 6.620000 2.203141 2.203141 73.649738
 6.640000 2.204337 2.204337 74.884233
 6.660000 2.204935 2.204935 76.101582
 6.680000 2.204962 2.204962 77.302365
 6.700000 2.204789 2.204789 78.497347
 6.720000 2.204504 2.204504 79.689054
 6.740000 2.203881 2.203881 80.870993
 6.760000 2.203183 2.203183 82.050762
 6.780000 2.202680 2.202680 83.236184
 6.800000 2.202133 2.202133 84.422618
 6.820000 2.201548 2.201548 85.605629
 6.840000 2.201250 2.201250 86.796970
 6.860000 2.201314 2.201314 87.998817
 6.880000 2.201435 2.201435 89.202352
 6.900000 2.201747 2.201747 90.411424
 6.920000 2.202660 2.202660 91.635477
 6.940000 2.203804 2.203804 92.868260
 6.960000 2.205246 2.205246 94.109048
 6.980000 2.207016 2.207016 95.358132
 7.000000 2.208475 2.208475 96.595488
 7.020000 2.210970 2.210970 97.859187
 7.040000 2.215994 2.215994 99.177552
 7.060000 2.223579 2.223579 100.533380
 7.080000 2.231136 2.231136 101.874308
 7.100000 2.239791 2.239791 103.202382
 7.120000 2.248489 2.248489 104.493360
 7.140000 2.258092 2.258092 105.748465
 7.160000 2.270489 2.270489 106.946941
 7.180000 2.284150 2.284150 108.046998
 7.200000 2.300268 2.300268 108.992908
 7.220000 2.319070 2.319070 109.701942
 7.240000 2.338643 2.338643 110.162422
 7.260000 2.358461 2.358461 110.366702
 7.280000 2.377629 2.377629 110.346075
 7.300000 2.397237 2.397237 110.024368
 7.320000 2.417740 2.417740 109.315700
 7.340000 2.438560 2.438560 108.216714
 7.360000 2.459427 2.459427 106.726098
 7.380000 2.477876 2.483640 105.208602
 7.400000 2.472255 2.506649 107.269035
 7.420000 2.468303 2.468303 109.057472
 7.440000 2.465201 2.465201 110.706282
 7.460000 2.463503 2.463503 112.147576
 7.480000 2.463001 2.463001 113.420735
 7.500000 2.463415 2.463415 114.560059
 7.520000 2.464717 2.464717 115.575336
 7.540000 2.466519 2.466519 116.516232
 7.560000 2.468527 2.468527 117.422938
 7.580000 2.471132 2.471132 118.232741
 7.600000 2.474297 2.474297 118.949795
 7.620000 2.479639 2.479639 119.305118
 7.640000 2.486501 2.486501 119.362354
 7.660000 2.494516 2.494516 119.147247
 7.680000 2.504897 2.504897 118.387341
 7.700000 2.516976 2.516976 117.118050
 7.720000 2.533040 2.533040 114.725218
 7.740000 2.553012 2.553012 110.986247
 7.760000 2.576503 2.576503 105.755671
 7.780000 2.598558 2.598558 100.377497
 7.800000 2.620031 2.620031 94.762019
 7.820000 2.616471 2.641238 97.114977
 7.840000 2.606684 2.659067 101.438907
 7.860000 2.598146 2.675028 105.291227
 7.880000 2.591068 2.687583 108.639007
 7.900000 2.585197 2.698111 111.574998
 7.920000 2.580510 2.707285 114.131437
 7.940000 2.576435 2.714791 116.490596
 7.960000 2.573176 2.720290 118.599570
 7.980000 2.571763 2.723491 120.189380
 8.000000 2.571944 2.724143 121.339483
 8.020000 2.572845 2.572845 122.291244
 8.040000 2.575202 2.575202 122.835587
 8.060000 2.579374 2.579374 122.855185
 8.080000 2.585083 2.585083 122.395463
 8.100000 2.591058 2.591058 121.809467
 8.120000 2.599496 2.599496 120.396073
 8.140000 2.610984 2.610984 117.887449
 8.160000 2.623662 2.623662 114.796040
 8.180000 2.638339 2.638339 110.799868
 8.200000 2.626518 2.655507 116.201715
 8.220000 2.612288 2.612288 122.240473
 8.240000 2.600164 2.600164 127.341142
 8.260000 2.591364 2.591364 131.233361
 8.280000 2.584879 2.584879 134.335952
 8.300000 2.581767 2.581767 136.421836
 8.320000 2.581120 2.581120 137.803781
 8.340000 2.582750 2.582750 138.543842
 8.360000 2.586983 2.586983 138.526073
 8.380000 2.592707 2.592707 138.024372
 8.400000 2.600425 2.600425 136.835442
 8.420000 2.610420 2.610420 134.787781
 8.440000 2.623479 2.623479 131.486779
 8.460000 2.639185 2.639185 126.925592
 8.480000 2.656739 2.656739 121.294177
 8.500000 2.676142 2.676142 114.550869
 8.520000 2.694893 2.697669 107.781903
 8.540000 2.689403 2.719935 111.340391
 8.560000 2.688311 2.737002 113.006432
 8.580000 2.690771 2.750439 113.153308
 8.600000 2.696915 2.760947 111.708469
 8.620000 2.707806 2.707806 108.169245
 8.640000 2.723260 2.723260 102.560457
 8.660000 2.742233 2.742233 95.345328
 8.680000 2.765743 2.765743 86.174047
 8.700000 2.794384 2.794384 75.083940
 8.720000 2.805662 2.825523 71.607865
 8.740000 2.815256 2.853223 68.916158
 8.760000 2.827270 2.877233 65.369715
 8.780000 2.841020 2.896904 61.325979
 8.800000 2.855986 2.912969 57.057175
 8.820000 2.871960 2.871960 52.711896
 8.840000 2.887973 2.887973 48.669020
 8.860000 2.904855 2.904855 44.686495
 8.880000 2.922461 2.922461 40.830082
 8.900000 2.940222 2.940222 37.365408
 8.920000 2.955724 2.955724 34.800890
 8.940000 2.964729 2.971259 33.944308
 8.960000 2.969419 2.987404 34.106107
 8.980000 2.976049 3.003965 33.878424
 9.000000 2.984735 3.021551 33.275132
 9.020000 2.994180 2.994180 32.592980
 9.040000 3.003996 3.003996 31.926664
 9.060000 3.014867 3.014867 31.148740
 9.080000 3.021520 3.025233 31.186856
 9.100000 3.011349 3.035051 34.177398
 9.120000 3.001936 3.045545 37.101740
 9.140000 2.992088 3.058093 40.174191
 9.160000 2.982992 3.071893 43.166297
 9.180000 2.975797 3.085602 45.826132
 9.200000 2.970740 3.098196 48.074964
 9.220000 2.956900 2.966482 52.232575
 9.240000 2.942362 2.961836 56.689053
 9.260000 2.929455 2.956554 60.907267
 9.280000 2.918609 2.950633 64.732180
 9.300000 2.908411 2.943160 68.527318
 9.320000 2.898096 2.933540 72.391569
 9.340000 2.889908 2.923114 75.759315
 9.360000 2.885174 2.913750 78.231937
 9.380000 2.883241 2.904755 79.954643
 9.400000 2.883649 2.894415 81.044195
 9.420000 2.881514 2.886488 82.823742
 9.440000 2.870160 2.889392 87.155792
 9.460000 2.860744 2.891797 91.004517
 9.480000 2.854577 2.893465 93.960661
 9.500000 2.850891 2.894571 96.221243
 9.520000 2.848387 2.895475 98.143476
 9.540000 2.848058 2.895977 99.438710
 9.560000 2.850397 2.896030 99.963353
 9.580000 2.855794 2.895488 99.610192
 9.600000 2.863844 2.894381 98.509218
 9.620000 2.875503 2.875503 96.415166
 9.640000 2.890593 2.892233 93.401827
 9.660000 2.889729 2.909371 94.841263
 9.680000 2.891444 2.924408 95.566390
 9.700000 2.895934 2.937891 95.521191
 9.720000 2.902443 2.949889 94.923428
 9.740000 2.910893 2.960355 93.773986
 9.760000 2.921951 2.970480 91.926751
 9.780000 2.934749 2.979576 89.632211
 9.800000 2.948156 2.987326 87.176223
 9.820000 2.962297 2.962297 84.518469
 9.840000 2.980054 2.980054 80.865754
 9.860000 2.983830 2.999796 81.033984
 9.880000 2.975805 3.019044 84.427071
 9.900000 2.964181 3.036053 88.793181
 9.920000 2.955997 3.049594 92.207839
 9.940000 2.950010 3.061765 95.025033
 9.960000 2.946621 3.071544 97.136752
 9.980000 2.945580 3.078925 98.615779
 10.000000 2.946983 3.085665 99.437426
 10.020000 2.950689 2.950689 99.641562
 10.040000 2.955821 2.955821 99.450353
 10.060000 2.963231 2.963231 98.631692
 10.080000 2.971461 2.971461 97.562030
 10.100000 2.972478 2.979075 98.480055
 10.120000 2.972579 2.987871 99.652082
 10.140000 2.974927 2.997802 100.196969
 10.160000 2.979548 3.007855 100.101660
 10.180000 2.984968 3.014739 99.771700
 10.200000 2.993293 3.021413 98.589314
 10.220000 3.003186 3.003186 96.912370
 10.240000 3.015515 3.015515 94.455687
 10.260000 3.029316 3.029316 91.478869
 10.280000 3.038716 3.042466 89.785766
 10.300000 3.042892 3.054984 89.690139
 10.320000 3.048776 3.065586 89.050432
 10.340000 3.047179 3.076301 90.750337
 10.360000 3.038843 3.086840 94.543638
 10.380000 3.032639 3.094933 97.649066
 10.400000 3.028826 3.100095 100.011188
 10.420000 3.023544 3.026797 102.804850
 10.440000 3.011911 3.024801 107.441242
 10.460000 3.004560 3.022314 110.758805
 10.480000 2.998048 3.018069 113.794343
 10.500000 2.990447 3.010714 117.092687
 10.520000 2.982406 3.000082 120.447653
 10.540001 2.976166 2.988182 123.277464
 10.560001 2.971058 2.973850 125.782319
 10.580001 2.960736 2.960736 129.530886
 10.600001 2.948374 2.948374 133.631612
 10.620001 2.936557 2.936557 137.447588
 10.640001 2.926358 2.926358 140.783023
 10.660001 2.917724 2.917724 143.703737
 10.680001 2.909428 2.909428 146.513635
 10.700001 2.903567 2.903567 148.808081
 10.720001 2.899582 2.899582 150.720478
 10.740001 2.896185 2.896185 152.515403
 10.760001 2.891025 2.893474 154.597224
 10.780001 2.877409 2.890868 157.990494
 10.800001 2.865732 2.888229 160.927859
 10.820001 2.854826 2.854826 163.645038
 10.840001 2.845272 2.845272 166.092952
 10.860001 2.835667 2.835667 168.480225
 10.880001 2.826779 2.826779 170.716793
 10.900001 2.819939 2.819939 172.683640
 10.920001 2.814562 2.814562 174.462075
 10.940001 2.809302 2.809302 176.212910
 10.960001 2.805317 2.805317 177.819832
 10.980001 2.802867 2.802867 179.263708
 11.000001 2.801580 2.801580 180.590395
 11.020001 2.801445 2.801445 181.803625
 11.040001 2.802891 2.802891 182.861297
 11.060001 2.805612 2.805612 183.789421
 11.080001 2.810301 2.810301 184.503047
 11.100001 2.817395 2.817395 184.939589
 11.120001 2.827364 2.827646 184.983952
 11.140001 2.824306 2.839384 186.549437
 11.160001 2.822516 2.852696 187.957532
 11.180001 2.821925 2.867754 189.227787
 11.200001 2.822916 2.883765 190.311224
 11.220001 2.825919 2.825919 191.158485
 11.240001 2.829872 2.829872 191.875820
 11.260001 2.835083 2.835083 192.413305
 11.280001 2.842343 2.842343 192.629471
 11.300001 2.851138 2.851138 192.538595
 11.320001 2.859739 2.859739 192.370913
 11.340001 2.869768 2.869768 191.825498
 11.360001 2.882396 2.882396 190.589622
 11.380001 2.896409 2.896409 188.760505
 11.400001 2.911137 2.911137 186.357048
 11.420001 2.927710 2.927710 183.038285
 11.440001 2.945427 2.945427 178.836573
 11.460001 2.956970 2.963197 176.186546
 11.480001 2.960902 2.980984 176.019229
 11.500001 2.968321 2.999297 174.555643
 11.520001 2.978755 3.018269 171.831657
 11.540001 2.989653 3.033926 168.722600
 11.560001 2.991196 3.047990 169.295162
 11.580001 2.987967 3.059017 171.803130
 11.600001 2.988040 3.068580 172.973784
 11.620001 2.991340 2.991340 172.833783
 11.640001 2.997772 2.997772 171.366379
 11.660001 3.008838 3.008838 167.801729
 11.680001 3.024220 3.024220 162.032047
 11.700001 3.032712 3.041199 159.222141
 11.720001 3.038304 3.055582 157.727908
 11.740001 3.047388 3.070085 154.457985
 11.760001 3.050101 3.081293 154.303034
 11.780001 3.048848 3.088968 156.130209
 11.800001 3.051614 3.094032 155.943466
 11.820001 3.058045 3.058045 153.881396
 11.840001 3.067175 3.067175 150.368200
 11.860001 3.070927 3.081273 149.606705
 11.880001 3.076536 3.094971 147.846272
 11.900001 3.072856 3.109625 150.990466
 11.920001 3.067921 3.123211 154.777625
 11.940001 3.066459 3.133709 156.738261
 11.960001 3.068754 3.139817 156.743482
 11.980001 3.074733 3.141953 154.798258
 12.000001 3.084949 3.139810 150.537212
 12.020001 3.096499 3.096499 145.448100
 12.040001 3.106699 3.113023 141.012724
 12.060001 3.111745 3.129185 139.401766
 12.080001 3.099405 3.146280 147.447058
 12.100001 3.091252 3.157976 153.106431
 12.120001 3.087745 3.163789 156.208068
 12.140001 3.088114 3.165494 157.208561
 12.160001 3.091653 3.163069 156.487640
 12.180001 3.098591 3.156381 153.889656
 12.200001 3.109431 3.145180 149.064586
 12.220001 3.112294 3.123529 148.659340
 12.240001 3.115237 3.135842 148.203231
 12.260001 3.102170 3.146128 156.707781
 12.280001 3.094347 3.151143 162.202749
 12.300001 3.090186 3.151113 165.658759
 12.320001 3.090571 3.146226 166.651383
 12.340001 3.095131 3.134825 165.374589
 12.360001 3.098562 3.116120 164.694007
 12.380001 3.096641 3.097992 166.948796
 12.400001 3.085454 3.085454 174.194360
 12.420001 3.077939 3.077939 179.352047
 12.440001 3.075087 3.075087 182.029275
 12.460001 3.074781 3.074781 183.386493
 12.480001 3.078650 3.078650 182.581748
 12.500001 3.073460 3.084590 186.464457
 12.520001 3.061556 3.087841 193.627135
 12.540001 3.051920 3.087195 199.430595
 12.560001 3.045450 3.082975 203.606888
 12.580001 3.042492 3.075597 206.131919
 12.600001 3.040307 3.065150 208.296362
 12.620001 3.033143 3.033143 212.572278
 12.640001 3.029870 3.029870 215.134290
 12.660001 3.029314 3.029314 216.562611
 12.680001 3.031075 3.032023 217.034873
 12.700001 3.026032 3.036854 220.292852
 12.720001 3.013373 3.041195 226.321081
 12.740001 3.001977 3.042933 231.457504
 12.760001 2.995263 3.042285 234.783879
 12.780001 2.990428 3.039423 237.430762
 12.800001 2.988041 3.033409 239.315091
 12.820001 2.987947 2.987947 240.541737
 12.840001 2.987277 2.990184 241.930108
 12.860001 2.982247 2.992935 244.497029
 12.880001 2.979488 2.995467 246.410719
 12.900001 2.979509 2.997208 247.605330
 12.920001 2.982110 2.998745 248.132986
 12.940001 2.981348 3.000301 249.532259
 12.960001 2.976411 3.000668 251.977178
 12.980001 2.970004 2.999630 254.664306
 13.000001 2.961895 2.999223 257.537490
 13.020001 2.955417 2.955417 259.907177
 13.040001 2.949033 2.949033 262.114966
 13.060001 2.943935 2.943935 264.017243
 13.080001 2.939212 2.939212 265.784253
 13.100001 2.934884 2.934884 267.437866
 13.120001 2.931304 2.931304 268.961772
 13.140001 2.928386 2.928386 270.397747
 13.160001 2.926275 2.926275 271.746725
 13.180001 2.925017 2.925017 273.028107
 13.200001 2.924468 2.924468 274.261913
 13.220001 2.924712 2.924712 275.447020
 13.240001 2.920783 2.925702 276.863699
 13.260001 2.915673 2.926794 278.263887
 13.280001 2.910653 2.928052 279.596400
 13.300001 2.905626 2.929441 280.848308
 13.320001 2.899926 2.931137 281.979126
 13.340001 2.894888 2.932800 283.027655
 13.360001 2.890651 2.934277 284.040017
 13.380001 2.885860 2.935864 284.954534
 13.400001 2.879025 2.938077 285.627323
 13.420001 2.872233 2.872233 286.168437
 13.440001 2.865328 2.865328 286.561399
 13.460001 2.857318 2.857318 286.664983
 13.480001 2.847916 2.847916 286.365591
 13.500001 2.838001 2.838001 285.757636
 13.520001 2.824397 2.824397 284.137892
 13.540001 2.807831 2.807831 281.448459
 13.560001 2.791492 2.791492 278.412381
 13.580001 2.775684 2.775684 275.226693
 13.600001 2.756626 2.756626 270.874680
 13.620001 2.735735 2.735735 265.796639
 13.640001 2.711801 2.711801 259.721073
 13.660001 2.686514 2.686514 253.298712
 13.680001 2.661231 2.661231 247.050186
 13.700001 2.635373 2.635373 240.864805
 13.720001 2.609916 2.609916 235.006899
 13.740001 2.584701 2.584701 229.375427
 13.760001 2.559083 2.559083 223.729051
 13.780001 2.531505 2.531505 217.572629
 13.800001 2.503980 2.503980 211.371775
 13.820001 2.474949 2.474949 204.642222
 13.840001 2.444198 2.444198 197.292524
 13.860001 2.412265 2.412265 189.485553
 13.880001 2.379485 2.379485 181.352247
 13.900001 2.346566 2.346566 173.260654
 13.920001 2.312545 2.312545 165.016384
 13.940001 2.278906 2.278906 157.125711
 13.960001 2.248737 2.248737 150.396356
 13.980001 2.218726 2.218726 143.959049
 14.000001 2.187162 2.187162 137.354181
 14.020001 2.158503 2.158503 131.632728
 14.040001 2.130907 2.130907 126.300977
 14.060001 2.103092 2.103092 121.053044
 14.080001 2.074591 2.074591 115.840595
 14.100001 2.046975 2.046975 111.016089
 14.120001 2.021146 2.021146 106.811962
 14.140001 1.994598 1.994598 102.752957
 14.160001 1.969000 1.969000 99.238906
 14.180001 1.940699 1.940699 95.743235
 14.200001 1.915310 1.915310 93.250071
 14.220001 1.890879 1.890879 91.420842
 14.240001 1.865315 1.865315 90.057600
 14.260001 1.843269 1.843269 89.589275
 14.280001 1.821888 1.821888 89.665680
 14.300001 1.801509 1.801509 90.270152
 14.320001 1.782046 1.782046 91.318068
 14.340001 1.764800 1.764800 92.701157
 14.360001 1.749316 1.749316 94.303176
 14.380001 1.733605 1.733605 96.155030
 14.400001 1.720544 1.720544 98.053712
 14.420001 1.710327 1.710327 99.886540
 14.440001 1.701245 1.701245 101.705457
 14.460001 1.693916 1.693916 103.446929
 14.480001 1.686920 1.686920 105.183359
 14.500001 1.681585 1.681585 106.813598
 14.520001 1.677979 1.677979 108.307748
 14.540001 1.675030 1.675030 109.751396
 14.560001 1.673619 1.673619 111.069036
 14.580001 1.673112 1.673112 112.311401
 14.600001 1.673287 1.673287 113.496774
 14.620001 1.674479 1.674479 114.597267
 14.640001 1.676455 1.676455 115.632760
 14.660001 1.678539 1.678539 116.659994
 14.680001 1.681212 1.681212 117.639156
 14.700001 1.683999 1.683999 118.605234
 14.720001 1.686482 1.686482 119.601562
 14.740001 1.689254 1.689254 120.572414
 14.760001 1.692687 1.692687 121.494675
 14.780001 1.696770 1.696770 122.362676
 14.800001 1.701103 1.701103 123.209170
 14.820001 1.705905 1.705905 124.023312
 14.840001 1.711706 1.711706 124.756344
 14.860001 1.717029 1.717029 125.527377
 14.880001 1.723021 1.723021 126.249012
 14.900001 1.729628 1.729628 126.921583
 14.920001 1.736930 1.736930 127.545007
 14.940001 1.743524 1.743524 128.230500
 14.960001 1.748944 1.748944 129.008402
 14.980001 1.755549 1.755549 129.699830
 15.000001 1.761974 1.761974 130.424341
 15.020001 1.767807 1.767807 131.191810
 15.040001 1.772445 1.772445 132.045912
 15.060001 1.777235 1.777235 132.891392
 15.080001 1.782763 1.782763 133.687223
 15.100001 1.791124 1.791124 134.277489
 15.120001 1.801006 1.801006 134.775008
 15.140001 1.810507 1.810507 135.317151
 15.160001 1.819302 1.819302 135.919159
 15.180001 1.827443 1.827443 136.582438
 15.200001 1.835898 1.835898 137.250514
 15.220001 1.842806 1.842806 138.032711
 15.240001 1.849502 1.849502 138.836312
 15.260001 1.855515 1.855515 139.687721
 15.280001 1.859745 1.859745 140.648675
 15.300001 1.861820 1.861820 141.729680
 15.320001 1.863942 1.863942 142.809020
 15.340001 1.866072 1.866072 143.898207
 15.360001 1.866441 1.866441 145.077505
 15.380001 1.865785 1.865785 146.311981
 15.400001 1.865584 1.865584 147.520956
 15.420001 1.865007 1.865007 148.753425
 15.440001 1.863536 1.863536 150.031635
 15.460001 1.862414 1.862414 151.294888
 15.480001 1.861817 1.861817 152.528536
 15.500001 1.860785 1.860785 153.784360
 15.520001 1.859990 1.859990 155.029073
 15.540001 1.860379 1.860379 156.207195
 15.560001 1.860886 1.860886 157.378688
 15.580001 1.861378 1.861378 158.550897
 15.600001 1.862885 1.862885 159.667942
 15.620001 1.865085 1.865085 160.747191
 15.640001 1.867463 1.867463 161.815163
 15.660001 1.870466 1.870466 162.847723
 15.680001 1.874263 1.874263 163.828585
 15.700001 1.878779 1.878779 164.769752
 15.720001 1.883277 1.883277 165.697725
 15.740001 1.889613 1.889613 166.511351
 15.760001 1.899560 1.899560 167.076811
 15.780001 1.911025 1.911025 167.521546
 15.800001 1.924341 1.924341 167.805284
 15.820001 1.939639 1.939639 167.923717
 15.840001 1.954639 1.954639 168.046573
 15.860001 1.969338 1.969338 168.188064
 15.880001 1.985903 1.985903 168.225837
 15.900001 2.004848 2.004848 168.150630
 15.920001 2.026652 2.026652 167.986865
 15.940001 2.048281 2.048281 168.003253
 15.960001 2.070244 2.070244 168.214083
 15.980001 2.090911 2.090911 168.690545
 16.000001 2.109459 2.109459 169.485891
 16.020001 2.127466 2.127466 170.509489
 16.040001 2.146650 2.146650 171.765653
 16.060001 2.167132 2.167132 173.318067
 16.080001 2.185437 2.185437 175.104405
 16.100001 2.204034 2.204034 177.158298
 16.120001 2.222827 2.222827 179.479769
 16.140001 2.241574 2.241574 182.088163
 16.160001 2.256240 2.256240 184.578701
 16.180001 2.270969 2.270969 187.238899
 16.200001 2.284523 2.284523 189.938969
 16.220001 2.296381 2.296381 192.527738
 16.240001 2.306027 2.306027 194.912932
 16.260001 2.316443 2.316443 197.455516
 16.280001 2.324197 2.324197 199.696485
 16.300001 2.330906 2.330906 201.815637
 16.320001 2.336576 2.336576 203.813388
 16.340001 2.341791 2.341791 205.758794
 16.360001 2.345603 2.345603 207.506232
 16.380001 2.350215 2.350215 209.368521
 16.400001 2.353825 2.353825 211.092803
 16.420001 2.355877 2.355877 212.593145
 16.440001 2.357043 2.357043 213.962635
 16.460001 2.358376 2.358376 215.356790
 16.480001 2.357372 2.357372 216.410503
 16.500001 2.353770 2.353770 217.084161
 16.520001 2.350377 2.350377 217.788833
 16.540001 2.346165 2.346165 218.377115
 16.560001 2.337886 2.337886 218.360132
 16.580001 2.327538 2.327538 218.050620
 16.600001 2.317592 2.317592 217.795189
 16.620001 2.305953 2.305953 217.302284
 16.640001 2.291763 2.291763 216.445940
 16.660001 2.276604 2.276604 215.435469
 16.680001 2.262700 2.262700 214.613560
 16.700001 2.246988 2.246988 213.573242
 16.720001 2.229371 2.229371 212.296121
 16.740001 2.211850 2.211850 211.086739
 16.760001 2.193849 2.193849 209.866365
 16.780001 2.174063 2.174063 208.467378
 16.800001 2.157375 2.157375 207.562325
 16.820001 2.138452 2.138452 206.457313
 16.840001 2.121144 2.121144 205.653941
 16.860001 2.104561 2.104561 205.015633
 16.880001 2.089627 2.089627 204.643154
 16.900001 2.072844 2.072844 204.194371
 16.920001 2.054077 2.054077 203.641264
 16.940001 2.034800 2.034800 203.151867
 16.960001 2.018262 2.018262 202.988430
 16.980001 2.002630 2.002630 202.963458
 17.000001 1.984649 1.984649 202.814774
 17.020001 1.967673 1.967673 202.780999
 17.040001 1.949933 1.949933 202.728247
 17.060001 1.932182 1.932182 202.676280
 17.080001 1.914905 1.914905 202.624678
 17.100001 1.896916 1.896916 202.470588
 17.120001 1.880385 1.880385 202.359695
 17.140001 1.865655 1.865655 202.310430
 17.160001 1.856495 1.856495 202.705539
 17.180001 1.847585 1.847585 203.080181
 17.200001 1.838236 1.838236 203.378369
 17.220001 1.828992 1.828992 203.640939
 17.240001 1.819079 1.819079 203.799530
 17.260001 1.807345 1.807345 203.697333
 17.280001 1.794035 1.794035 203.321328
 17.300001 1.781660 1.781660 202.967935
 17.320001 1.768145 1.768145 202.361312
 17.340001 1.756790 1.756790 201.943174
 17.360001 1.744480 1.744480 201.315503
 17.380001 1.728198 1.728198 199.967630
 17.400001 1.711974 1.711974 198.485428
 17.420001 1.695646 1.695646 196.841168
 17.440001 1.678747 1.678747 194.966825
 17.460001 1.659853 1.659853 192.583939
 17.480001 1.639654 1.639654 189.797594
 17.500001 1.619980 1.619980 187.010732
 17.520001 1.601009 1.601009 184.278737
 17.540001 1.580422 1.580422 181.129638
 17.560001 1.561051 1.561051 178.170957
 17.580001 1.542666 1.542666 175.398815
 17.600001 1.522334 1.522334 172.106281
 17.620001 1.501387 1.501387 168.624838
 17.640001 1.480397 1.480397 165.057855
 17.660001 1.460334 1.460334 161.719134
 17.680001 1.440729 1.440729 158.475436
 17.700001 1.421674 1.421674 155.362769
 17.720001 1.403081 1.403081 152.389320
 17.740001 1.382776 1.382776 149.094227
 17.760001 1.361097 1.361097 145.615289
 17.780001 1.341582 1.341582 142.770918
 17.800001 1.322980 1.322980 140.294189
 17.820001 1.304879 1.304879 138.123895
 17.840001 1.286880 1.286880 136.216021
 17.860001 1.272117 1.272117 135.070072
 17.880001 1.257665 1.257665 134.162512
 17.900001 1.242800 1.242800 133.409218
 17.920001 1.229103 1.229103 133.001695
 17.940001 1.217161 1.217161 132.956379
 17.960001 1.203922 1.203922 132.944863
 17.980001 1.191289 1.191289 133.148392
 18.000001 1.178324 1.178324 133.484343
 18.020001 1.166316 1.166316 134.016734
 18.040001 1.157890 1.157890 134.803478
 18.060001 1.150828 1.150828 135.693754
 18.080001 1.142755 1.142755 136.610851
 18.100001 1.134507 1.134507 137.560422
 18.120001 1.127921 1.127921 138.584523
 18.140001 1.123151 1.123151 139.676112
 18.160001 1.119565 1.119565 140.795551
 18.180001 1.116547 1.116547 141.934808
 18.200001 1.113934 1.113934 143.079426
 18.220001 1.112246 1.112246 144.247488
 18.240001 1.111314 1.111314 145.425445
 18.260001 1.110916 1.110916 146.618068
 18.280001 1.111073 1.111073 147.820977
 18.300001 1.111512 1.111512 149.029131
 18.320001 1.112228 1.112228 150.247082
 18.340001 1.113448 1.113448 151.469832
 18.360001 1.114722 1.114722 152.695910
 18.380001 1.115944 1.115944 153.921013
 18.400001 1.117139 1.117139 155.143216
 18.420001 1.118624 1.118624 156.370649
 18.440001 1.120133 1.120133 157.598302
 18.460001 1.121750 1.121750 158.830007
 18.480001 1.123335 1.123335 160.060888
 18.500001 1.124637 1.124637 161.284065
 18.520001 1.125394 1.125394 162.497406
 18.540001 1.125962 1.125962 163.707355
 18.560001 1.126218 1.126218 164.911814
 18.580001 1.125948 1.125948 166.107121
 18.600001 1.125137 1.125137 167.292852
 18.620001 1.123925 1.123925 168.471147
 18.640001 1.122161 1.122161 169.638632
 18.660001 1.119844 1.119844 170.789492
 18.680001 1.116867 1.116867 171.928861
 18.700001 1.113493 1.113493 173.050193
 18.720001 1.108658 1.108658 174.128741
 18.740001 1.102189 1.102189 175.144638
 18.760001 1.095458 1.095458 176.124171
 18.780001 1.088212 1.088212 177.042137
 18.800001 1.081425 1.081425 177.937538
 18.820001 1.074220 1.074220 178.760440
 18.840001 1.066200 1.066200 179.481498
 18.860001 1.057124 1.057124 180.045042
 18.880001 1.046254 1.046254 180.345165
 18.900001 1.033916 1.033916 180.330671
 18.920001 1.022268 1.022268 180.174406
 18.940001 1.008623 1.008623 179.513838
 18.960001 0.995999 0.995999 178.714581
 18.980001 0.984167 0.984167 177.782981
 19.000001 0.969956 0.969956 176.083650
 19.020001 0.955828 0.955828 174.042796
 19.040001 0.942734 0.942734 171.912448
 19.060001 0.929548 0.929548 169.437934
 19.080001 0.913466 0.913466 165.719367
 19.100001 0.894510 0.894510 160.530750
 19.120001 0.872989 0.872989 153.750704
 19.140001 0.850253 0.850253 145.779093
 19.160001 0.824509 0.824509 135.837690
 19.180001 0.795405 0.795405 123.717121
 19.200001 0.763282 0.763282 109.754026
 19.220001 0.730437 0.730437 95.439087
 19.240001 0.694931 0.694931 80.403792
 19.260001 0.661682 0.661682 67.355455
 19.280001 0.629877 0.629877 56.132398
 19.300001 0.598969 0.598969 46.540570
 19.320001 0.571812 0.571812 39.359869
 19.340001 0.549044 0.549044 34.339304
 19.360001 0.528980 0.528980 30.642306
 19.380001 0.513809 0.513809 28.483719
 19.400001 0.501649 0.501649 27.192660
 19.420001 0.490499 0.490499 26.258701
 19.440001 0.481524 0.481524 25.836951
 19.460001 0.472669 0.472669 25.518292
 19.480001 0.465203 0.465203 25.494761
 19.500001 0.460469 0.460469 25.943337
 19.520001 0.458884 0.458884 26.894377
 19.540001 0.461133 0.461133 28.449489
 19.560001 0.467044 0.467044 30.588996
 19.580001 0.475773 0.475773 33.227160
 19.600001 0.491017 0.491017 37.083467
 19.620001 0.509833 0.509833 41.822034
 19.640001 0.527604 0.527604 46.640585
 19.660001 0.546620 0.546620 52.027599
 19.680001 0.567533 0.567533 58.228038
 19.700001 0.588600 0.588600 64.896011
 19.720001 0.609615 0.609615 71.989636
 19.740001 0.629881 0.629881 79.287287
 19.760001 0.650006 0.650006 86.922689
 19.780001 0.670010 0.670010 94.867064
 19.800001 0.692138 0.692138 103.915057
 19.820001 0.715482 0.715482 113.702751
 19.840001 0.732793 0.732793 121.416859
 19.860001 0.749849 0.749849 129.101130
 19.880001 0.766363 0.766363 136.584237
 19.900001 0.781855 0.781855 143.629015
 19.920001 0.793335 0.793335 149.102038
 19.940001 0.802147 0.802147 153.534969
 19.960001 0.809337 0.809337 157.338409
 19.980001 0.814320 0.814320 160.308914
 20.000001 0.817111 0.817111 162.495574
