#! FIELDS time d1 metad.bias
 0.000000 2.571188 0.000000
 0.020000 2.569489 0.000000
 0.040000 2.566826 0.000000
 0.060000 2.564678 0.000000
 0.080000 2.563418 0.000000
 0.100000 2.560679 0.000000
 0.120000 2.555781 0.000000
 0.140000 2.552146 0.000000
 0.160000 2.549283 0.000000
 0.180000 2.544836 0.000000
 0.200000 2.540841 0.000000
 0.220000 2.538868 0.000000
 0.240000 2.535659 0.000000
 0.260000 2.530352 0.000000
 0.280000 2.527877 0.000000
 0.300000 2.526341 0.000000
 0.320000 2.522740 0.000000
 0.340000 2.519191 0.000000
 0.360000 2.517239 0.000000
 0.380000 2.514949 0.000000
 0.400000 2.511685 0.000000
 0.420000 2.509497 0.000000
 0.440000 2.507966 0.000000
 0.460000 2.505072 0.000000
 0.480000 2.502452 0.000000
 0.500000 2.501438 0.000000
 0.520000 2.499912 0.000000
 0.540000 2.497149 0.000000
 0.560000 2.495683 0.000000
 0.580000 2.495303 0.000000
 0.600000 2.492777 0.000000
 0.620000 2.489708 0.000000
 0.640000 2.488177 0.000000
 0.660000 2.485978 0.000000
 0.680000 2.481236 0.000000
 0.700000 2.478612 0.000000
 0.720000 2.477301 0.000000
 0.740000 2.473739 0.000000
 0.760000 2.470078 0.000000
 0.780000 2.468866 0.000000
 0.800000 2.467375 0.000000
 0.820000 2.464537 0.000000
 0.840000 2.462850 0.000000
 0.860000 2.462372 0.000000
 0.880000 2.460920 0.000000
 0.900000 2.458779 0.000000
 0.920000 2.457695 0.000000
 0.940000 2.456648 0.000000
 0.960000 2.454410 0.000000
 0.980000 2.452285 0.000000
 1.000000 2.451372 0.000000
 1.020000 2.449310 1.199959
 1.040000 2.446285 1.199752
 1.060000 2.445171 1.199631
 1.080000 2.444252 1.199514
 1.100000 2.440630 1.198893
 1.120000 2.438700 1.198459
 1.140000 2.438475 1.198404
 1.160000 2.436165 1.197782
 1.180000 2.433149 1.196816
 1.200000 2.432074 1.196430
 1.220000 2.430599 1.195865
 1.240000 2.427266 1.194434
 1.260000 2.425195 1.193440
 1.280000 2.424374 1.193023
 1.300000 2.420972 1.191161
 1.320000 2.417112 1.188785
 1.340000 2.415723 1.187862
 1.360000 2.413183 1.186081
 1.380000 2.408805 1.182731
 1.400000 2.405923 1.180333
 1.420000 2.404319 1.178933
 1.440000 2.401498 1.176357
 1.460000 2.397322 1.172280
 1.480000 2.394599 1.169453
 1.500000 2.390865 1.165364
 1.520000 2.384313 1.157598
 1.540000 2.378199 1.149684
 1.560000 2.375689 1.146253
 1.580000 2.370181 1.138356
 1.600000 2.362500 1.126523
 1.620000 2.358529 1.120039
 1.640000 2.355211 1.114433
 1.660000 2.348783 1.103102
 1.680000 2.344277 1.094795
 1.700000 2.341342 1.089228
 1.720000 2.335731 1.078250
 1.740000 2.329750 1.066078
 1.760000 2.326448 1.059157
 1.780000 2.323470 1.052798
 1.800000 2.318278 1.041447
 1.820000 2.313276 1.030204
 1.840000 2.309735 1.022074
 1.860000 2.305283 1.011655
 1.880000 2.300307 0.999756
 1.900000 2.298302 0.994893
 1.920000 2.296236 0.989835
 1.940000 2.290978 0.976785
 1.960000 2.286029 0.964270
 1.980000 2.283976 0.959014
 2.000000 2.279554 0.947574
 2.020000 2.273662 2.089131
 2.040000 2.270298 2.079703
 2.060000 2.266359 2.068297
 2.080000 2.260147 2.049522
 2.100000 2.255002 2.033261
 2.120000 2.252013 2.023526
 2.140000 2.246881 2.006325
 2.160000 2.241330 1.987055
 2.180000 2.238635 1.977455
 2.200000 2.235200 1.964990
 2.220000 2.230278 1.946703
 2.240000 2.227248 1.935201
 2.260000 2.225397 1.928081
 2.280000 2.221170 1.911579
 2.300000 2.216179 1.891658
 2.320000 2.213627 1.881295
 2.340000 2.210433 1.868165
 2.360000 2.206089 1.850022
 2.380000 2.202820 1.836161
 2.400000 2.200760 1.827335
 2.420000 2.196261 1.807835
 2.440000 2.191839 1.788370
 2.460000 2.188909 1.775314
 2.480000 2.185012 1.757766
 2.500000 2.179081 1.730677
 2.520000 2.174367 1.708832
 2.540000 2.171374 1.694830
 2.560000 2.166186 1.670326
 2.580000 2.158323 1.632664
 2.600000 2.152601 1.604905
 2.620000 2.146568 1.575353
 2.640000 2.139685 1.541323
 2.660000 2.134368 1.514840
 2.680000 2.129875 1.492345
 2.700000 2.122923 1.457369
 2.720000 2.116982 1.427349
 2.740000 2.113718 1.410816
 2.760000 2.110246 1.393209
 2.780000 2.103749 1.360218
 2.800000 2.098740 1.334764
 2.820000 2.095624 1.318929
 2.840000 2.090557 1.293203
 2.860000 2.085177 1.265921
 2.880000 2.081738 1.248515
 2.900000 2.077854 1.228894
 2.920000 2.072575 1.202301
 2.940000 2.069626 1.187490
 2.960000 2.067349 1.176075
 2.980000 2.062045 1.149583
 3.000000 2.055685 1.118007
 3.020000 2.052503 2.252052
 3.040000 2.047965 2.229302
 3.060000 2.041514 2.196543
 3.080000 2.037254 2.174659
 3.100000 2.034540 2.160615
 3.120000 2.030538 2.139773
 3.140000 2.026892 2.120649
 3.160000 2.023692 2.103766
 3.180000 2.020530 2.086989
 3.200000 2.017166 2.069055
 3.220000 2.014874 2.056780
 3.240000 2.013219 2.047891
 3.260000 2.010438 2.032906
 3.280000 2.006616 2.012221
 3.300000 2.003101 1.993113
 3.320000 2.000058 1.976502
 3.340000 1.995210 1.949929
 3.360000 1.991572 1.929899
 3.380000 1.988350 1.912103
 3.400000 1.984059 1.888330
 3.420000 1.978648 1.858241
 3.440000 1.976006 1.843513
 3.460000 1.972763 1.825401
 3.480000 1.967100 1.793700
 3.500000 1.961838 1.764183
 3.520000 1.957938 1.742273
 3.540000 1.951043 1.703501
 3.560000 1.942425 1.655012
 3.580000 1.936807 1.623416
 3.600000 1.929586 1.582862
 3.620000 1.921209 1.535943
 3.640000 1.914850 1.500454
 3.660000 1.909461 1.470483
 3.680000 1.901760 1.427861
 3.700000 1.893813 1.384164
 3.720000 1.887677 1.350662
 3.740000 1.881840 1.318999
 3.760000 1.875134 1.282901
 3.780000 1.869095 1.250667
 3.800000 1.862013 1.213221
 3.820000 1.853351 1.167983
 3.840000 1.844184 1.120833
 3.860000 1.835886 1.078844
 3.880000 1.825013 1.024882
 3.900000 1.813018 0.966826
 3.920000 1.803467 0.921778
 3.940000 1.797036 0.892055
 3.960000 1.789537 0.858040
 3.980000 1.782996 0.828944
 4.000000 1.776731 0.801592
 4.020000 1.769102 1.932263
 4.040000 1.759198 1.888755
 4.060000 1.750561 1.850420
 4.080000 1.745234 1.826601
 4.100000 1.736951 1.789326
 4.120000 1.728435 1.750719
 4.140000 1.723466 1.728071
 4.160000 1.717421 1.700408
 4.180000 1.709851 1.665610
 4.200000 1.705220 1.644250
 4.220000 1.701239 1.625845
 4.240000 1.695854 1.600897
 4.260000 1.691076 1.578722
 4.280000 1.686539 1.557629
 4.300000 1.680165 1.527955
 4.320000 1.673082 1.494940
 4.340000 1.667192 1.467470
 4.360000 1.660367 1.435634
 4.380000 1.651451 1.394081
 4.400000 1.643282 1.356078
 4.420000 1.635864 1.321657
 4.440000 1.628991 1.289860
 4.460000 1.622090 1.258052
 4.480000 1.617223 1.235702
 4.500000 1.612134 1.212419
 4.520000 1.606802 1.188123
 4.540000 1.601766 1.165280
 4.560000 1.597788 1.147311
 4.580000 1.594049 1.130489
 4.600000 1.589663 1.110838
 4.620000 1.584946 1.089818
 4.640000 1.579754 1.066818
 4.660000 1.573224 1.038113
 4.680000 1.565715 1.003165
 4.700000 1.561102 0.983409
 4.720000 1.556454 0.963646
 4.740000 1.549934 0.936166
 4.760000 1.543535 0.909488
 4.780000 1.538530 0.888840
 4.800000 1.533214 0.867119
 4.820000 1.528508 0.848082
 4.840000 1.524478 0.831926
 4.860000 1.518934 0.809925
 4.880000 1.512719 0.785589
 4.900000 1.508449 0.769068
 4.920000 1.502472 0.746232
 4.940000 1.492429 0.708632
 4.960000 1.481442 0.668652
 4.980000 1.472343 0.636479
 5.000000 1.461342 0.598757
 5.020000 1.447964 1.725862
 5.040000 1.435395 1.681633
 5.060000 1.421890 1.632856
 5.080000 1.408607 1.583712
 5.100000 1.398464 1.545460
 5.120000 1.390667 1.513588
 5.140000 1.382502 1.482286
 5.160000 1.373371 1.446883
 5.180000 1.365465 1.415927
 5.200000 1.359656 1.393026
 5.220000 1.352072 1.362943
 5.240000 1.343835 1.330069
 5.260000 1.336141 1.299209
 5.280000 1.328094 1.266810
 5.300000 1.319739 1.233075
 5.320000 1.311851 1.201171
 5.340000 1.305118 1.173926
 5.360000 1.295344 1.134404
 5.380000 1.286541 1.098884
 5.400000 1.279385 1.070101
 5.420000 1.272009 1.040548
 5.440000 1.262877 1.004160
 5.460000 1.254356 0.970453
 5.480000 1.246744 0.940579
 5.500000 1.238498 0.908505
 5.520000 1.229864 0.875278
 5.540000 1.220323 0.839041
 5.560000 1.212791 0.810819
 5.580000 1.204125 0.778809
 5.600000 1.195818 0.748613
 5.620000 1.188144 0.721171
 5.640000 1.179706 0.691531
 5.660000 1.170372 0.657244
 5.680000 1.161517 0.627729
 5.700000 1.153292 0.600917
 5.720000 1.142953 0.568066
 5.740000 1.130695 0.530404
 5.760000 1.121697 0.503671
 5.780000 1.113158 0.479041
 5.800000 1.104815 0.455678
 5.820000 1.097242 0.435085
 5.840000 1.088674 0.412492
 5.860000 1.078562 0.386805
 5.880000 1.067277 0.359392
 5.900000 1.054859 0.330750
 5.920000 1.043615 0.306194
 5.940000 1.032149 0.282485
 5.960000 1.020783 0.260295
 5.980000 1.010250 0.240878
 6.000000 0.998699 0.220822
 6.020000 0.987984 1.392183
 6.040000 0.979127 1.375995
 6.060000 0.970885 1.360236
 6.080000 0.962163 1.342824
 6.100000 0.952258 1.322138
 6.120000 0.942841 1.301576
 6.140000 0.932098 1.277072
 6.160000 0.920808 1.250139
 6.180000 0.911114 1.226084
 6.200000 0.901731 1.202013
 6.220000 0.889319 1.166903
 6.240000 0.876907 1.133080
 6.260000 0.866160 1.102864
 6.280000 0.854453 1.069065
 6.300000 0.841735 1.031431
 6.320000 0.830072 0.996208
 6.340000 0.818918 0.961994
 6.360000 0.805867 0.921462
 6.380000 0.792373 0.879168
 6.400000 0.780443 0.841599
 6.420000 0.769856 0.808242
 6.440000 0.757625 0.769805
 6.460000 0.745844 0.733012
 6.480000 0.735622 0.701364
 6.500000 0.724033 0.665896
 6.520000 0.712065 0.629838
 6.540000 0.700607 0.595955
 6.560000 0.689023 0.562429
 6.580000 0.677090 0.528744
 6.600000 0.665151 0.495992
 6.620000 0.656728 0.473497
 6.640000 0.649698 0.455127
 6.660000 0.640607 0.431940
 6.680000 0.632325 0.411392
 6.700000 0.623850 0.390952
 6.720000 0.616201 0.373021
 6.740000 0.609728 0.358240
 6.760000 0.604323 0.346174
 6.780000 0.596255 0.328639
 6.800000 0.588002 0.311295
 6.820000 0.580263 0.295580
 6.840000 0.571414 0.276183
 6.860000 0.560730 0.256496
 6.880000 0.549921 0.237563
 6.900000 0.539984 0.221028
 6.920000 0.530136 0.205456
 6.940000 0.519605 0.189692
 6.960000 0.509918 0.175984
 6.980000 0.501396 0.164542
 7.000000 0.492409 0.153088
 7.020000 0.483581 1.334696
 7.040000 0.476112 1.324344
 7.060000 0.467927 1.312247
 7.080000 0.458777 1.297788
 7.100000 0.450677 1.284165
 7.120000 0.443570 1.271576
 7.140000 0.431675 1.249194
 7.160000 0.418693 1.222927
 7.180000 0.409098 1.202314
 7.200000 0.398196 1.177705
 7.220000 0.386504 1.149969
 7.240000 0.379770 1.133396
 7.260000 0.373674 1.118032
 7.280000 0.364197 1.093505
 7.300000 0.355300 1.069806
 7.320000 0.347762 1.049256
 7.340000 0.337838 1.021598
 7.360000 0.327374 0.991768
 7.380000 0.318909 0.967194
 7.400000 0.310411 0.942183
 7.420000 0.298886 0.907803
 7.440000 0.288881 0.877623
 7.460000 0.279784 0.849986
 7.480000 0.270512 0.821691
 7.500000 0.262497 0.797184
 7.520000 0.255101 0.774569
 7.540000 0.246870 0.749435
 7.560000 0.237639 0.721355
 7.580000 0.228829 0.694708
 7.600000 0.221160 0.671677
 7.620000 0.213111 0.647709
 7.640000 0.204019 0.620927
 7.660000 0.197871 0.603018
 7.680000 0.193267 0.589723
 7.700000 0.186750 0.571088
 7.720000 0.180225 0.552659
 7.740000 0.175095 0.538343
 7.760000 0.169890 0.523980
 7.780000 0.165317 0.511500
 7.800000 0.163733 0.507209
 7.820000 0.161762 0.501893
 7.840000 0.159524 0.495887
 7.860000 0.158857 0.494105
 7.880000 0.158774 0.493881
 7.900000 0.158127 0.492156
 7.920000 0.158442 0.492994
 7.940000 0.159972 0.497087
 7.960000 0.162202 0.503077
 7.980000 0.165187 0.511148
 8.000000 0.168745 0.520841
 8.020000 0.173565 1.710256
 8.040000 0.180216 1.727768
 8.060000 0.187008 1.745059
 8.080000 0.195312 1.765363
 8.100000 0.205468 1.788921
 8.120000 0.213633 1.806816
 8.140000 0.220351 1.820833
 8.160000 0.228172 1.836330
 8.180000 0.235515 1.850068
 8.200000 0.242049 1.861627
 8.220000 0.250890 1.876254
 8.240000 0.261294 1.891969
 8.260000 0.271353 1.905609
 8.280000 0.280810 1.917037
 8.300000 0.290227 1.927070
 8.320000 0.298629 1.934890
 8.340000 0.306507 1.941256
 8.360000 0.315414 1.947333
 8.380000 0.325677 1.952875
 8.400000 0.334415 1.956375
 8.420000 0.340749 1.958219
 8.440000 0.345733 1.959267
 8.460000 0.351821 1.960068
 8.480000 0.357182 1.960343
 8.500000 0.361658 1.960269
 8.520000 0.366305 1.959902
 8.540000 0.371446 1.959156
 8.560000 0.376338 1.958119
 8.580000 0.382214 1.956459
 8.600000 0.390362 1.953423
 8.620000 0.398461 1.949584
 8.640000 0.407579 1.944311
 8.660000 0.418497 1.936728
 8.680000 0.427155 1.929775
 8.700000 0.432852 1.924767
 8.720000 0.441019 1.917013
 8.740000 0.449048 1.908761
 8.760000 0.455019 1.902240
 8.780000 0.461020 1.895372
 8.800000 0.469692 1.884922
 8.820000 0.478134 1.874193
 8.840000 0.484500 1.865767
 8.860000 0.492263 1.855132
 8.880000 0.500914 1.842856
 8.900000 0.507469 1.833286
 8.920000 0.515806 1.820819
 8.940000 0.526955 1.803708
 8.960000 0.535954 1.789599
 8.980000 0.543229 1.778043
 9.000000 0.551870 1.764186
 9.020000 0.564888 2.863472
 9.040000 0.576700 2.840365
 9.060000 0.586529 2.821903
 9.080000 0.597909 2.796071
 9.100000 0.610398 2.765615
 9.120000 0.619454 2.742273
 9.140000 0.628154 2.718948
 9.160000 0.637908 2.691856
 9.180000 0.645810 2.669248
 9.200000 0.653360 2.647164
 9.220000 0.661433 2.623089
 9.240000 0.668879 2.600516
 9.260000 0.675256 2.580945
 9.280000 0.682250 2.559267
 9.300000 0.690260 2.534224
 9.320000 0.696973 2.513096
 9.340000 0.702523 2.495562
 9.360000 0.710823 2.469275
 9.380000 0.720764 2.437768
 9.400000 0.729019 2.411653
 9.420000 0.738972 2.380320
 9.440000 0.748950 2.349164
 9.460000 0.756538 2.325698
 9.480000 0.763014 2.305857
 9.500000 0.769048 2.287544
 9.520000 0.773234 2.274949
 9.540000 0.777926 2.260942
 9.560000 0.785350 2.239036
 9.580000 0.794660 2.212049
 9.600000 0.802166 2.190706
 9.620000 0.810178 2.168363
 9.640000 0.821379 2.137913
 9.660000 0.832145 2.109560
 9.680000 0.840018 2.089408
 9.700000 0.847398 2.070974
 9.720000 0.857645 2.046124
 9.740000 0.864166 2.030761
 9.760000 0.869712 2.017973
 9.780000 0.877450 2.000557
 9.800000 0.884523 1.985070
 9.820000 0.891491 1.970215
 9.840000 0.898353 1.958396
 9.860000 0.905605 1.944010
 9.880000 0.913323 1.929181
 9.900000 0.920821 1.915244
 9.920000 0.928460 1.901517
 9.940000 0.935917 1.888566
 9.960000 0.943227 1.876294
 9.980000 0.950601 1.864333
 10.000000 0.957918 1.852871
 10.020000 0.964863 2.959968
 10.040000 0.971824 2.948493
 10.060000 0.980416 2.933618
 10.080000 0.988507 2.918896
 10.100000 0.994122 2.908273
 10.120000 0.999750 2.897293
 10.140000 1.007529 2.881579
 10.160000 1.013514 2.869070
 10.180000 1.018611 2.858136
 10.200000 1.024008 2.846283
 10.220000 1.028949 2.835187
 10.240000 1.033049 2.825810
 10.260000 1.039929 2.809736
 10.280000 1.047556 2.791438
 10.300000 1.055475 2.769761
 10.320000 1.063125 2.750706
 10.340000 1.071207 2.730111
 10.360000 1.079071 2.709658
 10.380000 1.083868 2.697001
 10.400000 1.090183 2.680155
 10.420000 1.096976 2.661823
 10.440000 1.101269 2.650140
 10.460000 1.104844 2.640362
 10.480000 1.110342 2.625247
 10.500000 1.116525 2.608155
 10.520000 1.122674 2.591086
 10.540001 1.127965 2.576362
 10.560001 1.133769 2.560193
 10.580001 1.138246 2.547721
 10.600001 1.142257 2.536556
 10.620001 1.146021 2.526095
 10.640001 1.151945 2.509673
 10.660001 1.159126 2.489869
 10.680001 1.168725 2.463640
 10.700001 1.180439 2.434643
 10.720001 1.189958 2.409916
 10.740001 1.196713 2.392728
 10.760001 1.204161 2.374166
 10.780001 1.212942 2.352859
 10.800001 1.222806 2.329742
 10.820001 1.232398 2.308167
 10.840001 1.243520 2.284360
 10.860001 1.256749 2.257860
 10.880001 1.268400 2.236258
 10.900001 1.280881 2.215015
 10.920001 1.293453 2.195673
 10.940001 1.306896 2.177333
 10.960001 1.319665 2.162186
 10.980001 1.335378 2.146593
 11.000001 1.349429 2.135470
 11.020001 1.360114 3.233789
 11.040001 1.374008 3.222935
 11.060001 1.391925 3.205646
 11.080001 1.405599 3.195599
 11.100001 1.416662 3.185017
 11.120001 1.427439 3.174072
 11.140001 1.438625 3.159977
 11.160001 1.451040 3.146209
 11.180001 1.463492 3.131567
 11.200001 1.476237 3.115762
 11.220001 1.486196 3.102876
 11.240001 1.495617 3.090287
 11.260001 1.507144 3.074402
 11.280001 1.514878 3.063477
 11.300001 1.520341 3.055645
 11.320001 1.527291 3.045554
 11.340001 1.534799 3.034514
 11.360001 1.543659 3.021327
 11.380001 1.553146 3.007058
 11.400001 1.563207 2.991808
 11.420001 1.571929 2.980998
 11.440001 1.579834 2.969243
 11.460001 1.589599 2.954794
 11.480001 1.602186 2.936377
 11.500001 1.613506 2.920109
 11.520001 1.626936 2.901303
 11.540001 1.641983 2.881044
 11.560001 1.654022 2.865584
 11.580001 1.663413 2.854058
 11.600001 1.670790 2.845362
 11.620001 1.679797 2.835207
 11.640001 1.688835 2.825562
 11.660001 1.698216 2.816162
 11.680001 1.712917 2.802772
 11.700001 1.729737 2.789589
 11.720001 1.744229 2.780172
 11.740001 1.758745 2.772623
 11.760001 1.773661 2.766890
 11.780001 1.784273 2.764084
 11.800001 1.793775 2.762477
 11.820001 1.805186 2.761683
 11.840001 1.814395 2.761943
 11.860001 1.821038 2.762628
 11.880001 1.826897 2.763575
 11.900001 1.833395 2.764999
 11.920001 1.838258 2.766320
 11.940001 1.845387 2.766594
 11.960001 1.853735 2.770128
 11.980001 1.858435 2.772377
 12.000001 1.864716 2.775672
 12.020001 1.872312 3.858923
 12.040001 1.881243 3.862851
 12.060001 1.891373 3.864373
 12.080001 1.903833 3.867729
 12.100001 1.915606 3.869476
 12.120001 1.924275 3.869877
 12.140001 1.931134 3.869662
 12.160001 1.939606 3.868752
 12.180001 1.947153 3.867343
 12.200001 1.951833 3.866189
 12.220001 1.959109 3.863970
 12.240001 1.968167 3.860493
 12.260001 1.975461 3.857125
 12.280001 1.982826 3.853214
 12.300001 1.992674 3.847199
 12.320001 2.001527 3.841037
 12.340001 2.008909 3.835361
 12.360001 2.017495 3.828156
 12.380001 2.026183 3.820214
 12.400001 2.033748 3.812775
 12.420001 2.041067 3.805122
 12.440001 2.049219 3.796077
 12.460001 2.058870 3.784669
 12.480001 2.068340 3.772748
 12.500001 2.077765 3.760178
 12.520001 2.086957 3.747246
 12.540001 2.094258 3.736504
 12.560001 2.102771 3.723453
 12.580001 2.112072 3.708547
 12.600001 2.121266 3.693144
 12.620001 2.129045 3.679590
 12.640001 2.136524 3.666101
 12.660001 2.144627 3.650974
 12.680001 2.150833 3.639025
 12.700001 2.157922 3.624980
 12.720001 2.167309 3.605721
 12.740001 2.177240 3.584505
 12.760001 2.185228 3.566797
 12.780001 2.193239 3.548445
 12.800001 2.201186 3.529634
 12.820001 2.209706 3.508779
 12.840001 2.217330 3.489495
 12.860001 2.225040 3.469380
 12.880001 2.233440 3.444610
 12.900001 2.242391 3.419886
 12.920001 2.251393 3.394073
 12.940001 2.260084 3.368230
 12.960001 2.266628 3.348158
 12.980001 2.271899 3.331603
 13.000001 2.276357 3.317322
 13.020001 2.281897 4.356201
 13.040001 2.287182 4.337831
 13.060001 2.291966 4.320476
 13.080001 2.297806 4.298360
 13.100001 2.302487 4.279887
 13.120001 2.307264 4.260351
 13.140001 2.314344 4.230131
 13.160001 2.321039 4.200162
 13.180001 2.326134 4.176454
 13.200001 2.331045 4.152859
 13.220001 2.335846 4.129105
 13.240001 2.341146 4.102082
 13.260001 2.346901 4.069592
 13.280001 2.353322 4.034863
 13.300001 2.360497 3.994636
 13.320001 2.368222 3.949669
 13.340001 2.376828 3.897597
 13.360001 2.387612 3.829489
 13.380001 2.396895 3.768408
 13.400001 2.404861 3.714244
 13.420001 2.415135 3.642110
 13.440001 2.426918 3.556396
 13.460001 2.436488 3.484572
 13.480001 2.448128 3.394746
 13.500001 2.462198 3.282902
 13.520001 2.474637 3.181373
 13.540001 2.485279 3.092819
 13.560001 2.498630 2.979839
 13.580001 2.511303 2.871032
 13.600001 2.521250 2.784821
 13.620001 2.531307 2.697123
 13.640001 2.542967 2.595054
 13.660001 2.553526 2.502472
 13.680001 2.562406 2.424665
 13.700001 2.572851 2.333400
 13.720001 2.584438 2.232715
 13.740001 2.592895 2.159733
 13.760001 2.601636 2.084875
 13.780001 2.611881 1.998021
 13.800001 2.623338 1.902220
 13.820001 2.636345 1.795417
 13.840001 2.653522 1.658053
 13.860001 2.670753 1.523075
 13.880001 2.683197 1.430597
 13.900001 2.693071 1.359264
 13.920001 2.704644 1.278090
 13.940001 2.716184 1.199864
 13.960001 2.728926 1.116748
 13.980001 2.722963 1.155212
 14.000001 2.717040 1.194169
 14.020001 2.712400 2.371526
 14.040001 2.706614 2.410062
 14.060001 2.702195 2.439542
 14.080001 2.699515 2.457437
 14.100001 2.696513 2.477501
 14.120001 2.692840 2.502065
 14.140001 2.690276 2.519227
 14.160001 2.687791 2.535869
 14.180001 2.683630 2.563749
 14.200001 2.679849 2.589097
 14.220001 2.676814 2.609446
 14.240001 2.673795 2.629695
 14.260001 2.670260 2.653413
 14.280001 2.666979 2.675424
 14.300001 2.664491 2.692112
 14.320001 2.661483 2.712289
 14.340001 2.658612 2.733854
 14.360001 2.656718 2.746616
 14.380001 2.654887 2.758953
 14.400001 2.652690 2.773758
 14.420001 2.650844 2.786192
 14.440001 2.649435 2.795679
 14.460001 2.647664 2.807605
 14.480001 2.646044 2.818505
 14.500001 2.645255 2.823818
 14.520001 2.644413 2.829482
 14.540001 2.642586 2.841776
 14.560001 2.641278 2.850579
 14.580001 2.641069 2.851983
 14.600001 2.640224 2.857664
 14.620001 2.638696 2.867939
 14.640001 2.638252 2.870921
 14.660001 2.637813 2.873874
 14.680001 2.636329 2.883846
 14.700001 2.635596 2.888769
 14.720001 2.635679 2.888212
 14.740001 2.634955 2.893072
 14.760001 2.634258 2.897756
 14.780001 2.634780 2.894251
 14.800001 2.635028 2.892585
 14.820001 2.634364 2.897041
 14.840001 2.634734 2.894556
 14.860001 2.635725 2.887905
 14.880001 2.635827 2.887218
 14.900001 2.635913 2.886638
 14.920001 2.637434 2.876422
 14.940001 2.638882 2.866688
 14.960001 2.639368 2.863416
 14.980001 2.640761 2.854051
 15.000001 2.643022 2.838841
 15.020001 2.644311 3.906889
 15.040001 2.645307 3.900158
 15.060001 2.646995 3.888702
 15.080001 2.648461 3.878711
 15.100001 2.649273 3.873165
 15.120001 2.651025 3.861153
 15.140001 2.653275 3.845643
 15.160001 2.654616 3.836358
 15.180001 2.655931 3.827220
 15.200001 2.658774 3.807361
 15.220001 2.662345 3.780031
 15.240001 2.664937 3.761728
 15.260001 2.668663 3.735206
 15.280001 2.673699 3.698995
 15.300001 2.678245 3.665944
 15.320001 2.681576 3.641523
 15.340001 2.685415 3.613145
 15.360001 2.689327 3.584005
 15.380001 2.692577 3.559615
 15.400001 2.695696 3.536058
 15.420001 2.699364 3.508179
 15.440001 2.702498 3.484202
 15.460001 2.704768 3.466757
 15.480001 2.707970 3.442027
 15.500001 2.711965 3.410981
 15.520001 2.715544 3.382992
 15.540001 2.719504 3.351835
 15.560001 2.725107 3.307440
 15.580001 2.730294 3.266018
 15.600001 2.734192 3.234699
 15.620001 2.739324 3.193220
 15.640001 2.745309 3.144530
 15.660001 2.749695 3.106592
 15.680001 2.752774 3.081392
 15.700001 2.757737 3.040595
 15.720001 2.763153 2.995866
 15.740001 2.760339 3.019132
 15.760001 2.756662 3.049452
 15.780001 2.753923 3.071962
 15.800001 2.751436 3.092354
 15.820001 2.747392 3.127513
 15.840001 2.742674 3.166006
 15.860001 2.739239 3.193909
 15.880001 2.735785 3.221851
 15.900001 2.730882 3.261299
 15.920001 2.726774 3.294156
 15.940001 2.723807 3.317769
 15.960001 2.720307 3.345497
 15.980001 2.715849 3.380594
 16.000001 2.712818 3.404325
 16.020001 2.710119 4.479018
 16.040001 2.706145 4.509494
 16.060001 2.702697 4.535546
 16.080001 2.701458 4.544825
 16.100001 2.699462 4.559661
 16.120001 2.695381 4.589614
 16.140001 2.692981 4.606989
 16.160001 2.691704 4.616161
 16.180001 2.689344 4.632973
 16.200001 2.687443 4.646387
 16.220001 2.686919 4.650063
 16.240001 2.686113 4.655701
 16.260001 2.684170 4.669212
 16.280001 2.683364 4.674778
 16.300001 2.683203 4.675889
 16.320001 2.681356 4.688558
 16.340001 2.679897 4.698489
 16.360001 2.680460 4.694664
 16.380001 2.680151 4.696764
 16.400001 2.678345 4.708978
 16.420001 2.678172 4.710145
 16.440001 2.678924 4.705074
 16.460001 2.678531 4.707725
 16.480001 2.677928 4.711786
 16.500001 2.678324 4.709123
 16.520001 2.679048 4.704235
 16.540001 2.678992 4.704619
 16.560001 2.679341 4.702254
 16.580001 2.680575 4.693885
 16.600001 2.681216 4.689515
 16.620001 2.681633 4.686667
 16.640001 2.683100 4.676601
 16.660001 2.684698 4.665553
 16.680001 2.685275 4.661544
 16.700001 2.686253 4.654724
 16.720001 2.688967 4.635643
 16.740001 2.690861 4.622188
 16.760001 2.691345 4.618730
 16.780001 2.692862 4.607847
 16.800001 2.695523 4.588581
 16.820001 2.697227 4.576128
 16.840001 2.697828 4.571719
 16.860001 2.699796 4.557187
 16.880001 2.702343 4.538203
 16.900001 2.703945 4.526157
 16.920001 2.705572 4.513847
 16.940001 2.708441 4.491945
 16.960001 2.711024 4.472013
 16.980001 2.713236 4.454793
 17.000001 2.716479 4.429270
 17.020001 2.719962 5.414716
 17.040001 2.722223 5.396351
 17.060001 2.724769 5.375389
 17.080001 2.728646 5.342922
 17.100001 2.732198 5.312597
 17.120001 2.734379 5.293710
 17.140001 2.737745 5.264153
 17.160001 2.742678 5.219966
 17.180001 2.746746 5.182760
 17.200001 2.750935 5.141720
 17.220001 2.756791 5.086153
 17.240001 2.762259 5.033030
 17.260001 2.766317 4.992872
 17.280001 2.771005 4.945702
 17.300001 2.776185 4.892642
 17.320001 2.779601 4.857128
 17.340001 2.784076 4.810004
 17.360001 2.789385 4.753222
 17.380001 2.793034 4.713664
 17.400001 2.795571 4.685915
 17.420001 2.799978 4.637245
 17.440001 2.805526 4.575156
 17.460001 2.810447 4.519367
 17.480001 2.815838 4.457505
 17.500001 2.823637 4.366725
 17.520001 2.831632 4.272217
 17.540001 2.837460 4.202486
 17.560001 2.845080 4.110354
 17.580001 2.853288 4.010027
 17.600001 2.860165 3.925246
 17.620001 2.866604 3.845338
 17.640001 2.873613 3.757886
 17.660001 2.880106 3.676534
 17.680001 2.886015 3.602274
 17.700001 2.892288 3.523296
 17.720001 2.898646 3.443152
 17.740001 2.903361 3.383721
 17.760001 2.908123 3.323720
 17.780001 2.915297 3.233456
 17.800001 2.922368 3.144718
 17.820001 2.927967 3.074695
 17.840001 2.935371 2.982508
 17.860001 2.943479 2.880113
 17.880001 2.951583 2.780928
 17.900001 2.960479 2.673134
 17.920001 2.969205 2.568673
 17.940001 2.977446 2.471317
 17.960001 2.985923 2.372628
 17.980001 2.994861 2.270295
 18.000001 3.004275 2.164606
 18.020001 3.013254 3.170014
 18.040001 3.021875 3.075314
 18.060001 3.031322 2.972483
 18.080001 3.039509 2.884250
 18.100001 3.046020 2.814741
 18.120001 3.052599 2.745125
 18.140001 3.059860 2.669080
 18.160001 3.066364 2.601687
 18.180001 3.072772 2.535995
 18.200001 3.080794 2.454793
 18.220001 3.089281 2.370194
 18.240001 3.096903 2.295409
 18.260001 3.105222 2.215125
 18.280001 3.114826 2.124242
 18.300001 3.124717 2.032724
 18.320001 3.134625 1.943227
 18.340001 3.147389 1.831231
 18.360001 3.159136 1.731532
 18.380001 3.168846 1.647719
 18.400001 3.179709 1.561538
 18.420001 3.191916 1.468039
 18.440001 3.201449 1.397501
 18.460001 3.211146 1.327991
 18.480001 3.222314 1.250748
 18.500001 3.231297 1.190805
 18.520001 3.239360 1.138652
 18.540001 3.249750 1.073746
 18.560001 3.258956 1.018390
 18.580001 3.267571 0.968397
 18.600001 3.277148 0.914855
 18.620001 3.288429 0.854509
 18.640001 3.298836 0.801400
 18.660001 3.306685 0.762948
 18.680001 3.315146 0.723015
 18.700001 3.325301 0.677133
 18.720001 3.334798 0.636205
 18.740001 3.343939 0.596523
 18.760001 3.354881 0.553997
 18.780001 3.368471 0.504397
 18.800001 3.379215 0.467624
 18.820001 3.390582 0.430990
 18.840001 3.404951 0.387895
 18.860001 3.419036 0.348983
 18.880001 3.431879 0.316240
 18.900001 3.447345 0.280096
 18.920001 3.463613 0.245723
 18.940001 3.478660 0.217041
 18.960001 3.493423 0.191611
 18.980001 3.506978 0.170463
 19.000001 3.517324 0.155654
 19.020001 3.527916 1.331383
 19.040001 3.538463 1.315568
 19.060001 3.550812 1.295607
 19.080001 3.563820 1.272852
 19.100001 3.577945 1.246112
 19.120001 3.594521 1.212052
 19.140001 3.611003 1.170131
 19.160001 3.625235 1.137317
 19.180001 3.638024 1.106104
 19.200001 3.651552 1.071460
 19.220001 3.664108 1.037956
 19.240001 3.674351 1.009766
 19.260001 3.682910 0.985683
 19.280001 3.693330 0.955802
 19.300001 3.702177 0.930008
 19.320001 3.710696 0.904866
 19.340001 3.722709 0.869003
 19.360001 3.734555 0.833303
 19.380001 3.745501 0.800144
 19.400001 3.754743 0.772107
 19.420001 3.762844 0.747554
 19.440001 3.769915 0.726178
 19.460001 3.776556 0.706175
 19.480001 3.783863 0.684272
 19.500001 3.790340 0.664975
 19.520001 3.795370 0.650080
 19.540001 3.801005 0.633500
 19.560001 3.807244 0.615288
 19.580001 3.811229 0.603741
 19.600001 3.813683 0.596664
 19.620001 3.817884 0.584620
 19.640001 3.822887 0.570390
 19.660001 3.827929 0.556185
 19.680001 3.835235 0.535851
 19.700001 3.842628 0.515597
 19.720001 3.850493 0.494434
 19.740001 3.860331 0.468545
 19.760001 3.872799 0.436728
 19.780001 3.883121 0.411274
 19.800001 3.893336 0.384926
 19.820001 3.905177 0.358058
 19.840001 3.917040 0.332270
 19.860001 3.926895 0.311734
 19.880001 3.937312 0.290909
 19.900001 3.950014 0.266765
 19.920001 3.961863 0.245480
 19.940001 3.971393 0.229226
 19.960001 3.981677 0.212543
 19.980001 3.993274 0.194787
 20.000001 4.002959 0.180802
 20.020001 4.010965 1.360944
 20.040001 4.018616 1.349187
 20.060001 4.025175 1.338585
 20.080001 4.031707 1.327546
 20.100001 4.038832 1.314957
 20.120001 4.045420 1.302810
 20.140001 4.051349 1.291463
 20.160001 4.056949 1.280388
 20.180001 4.064717 1.264460
 20.200001 4.072988 1.246784
 20.220001 4.080219 1.230742
 20.240001 4.088446 1.211835
 20.260001 4.097042 1.191361
 20.280001 4.105209 1.171253
 20.300001 4.114306 1.148140
 20.320001 4.124322 1.121864
 20.340001 4.132664 1.099361
 20.360001 4.141275 1.075583
 20.380001 4.151366 1.047071
 20.400001 4.161265 1.018486
 20.420001 4.168789 0.996402
 20.440001 4.174715 0.978810
 20.460001 4.181115 0.959638
 20.480001 4.188368 0.937720
 20.500001 4.196170 0.913952
 20.520001 4.203755 0.890692
 20.540001 4.212567 0.863521
 20.560001 4.222824 0.831774
 20.580001 4.229457 0.811214
 20.600001 4.235173 0.793495
 20.620001 4.240971 0.775544
 20.640001 4.244550 0.764477
 20.660001 4.248353 0.752737
 20.680001 4.252755 0.739177
 20.700001 4.257045 0.725995
 20.720001 4.261215 0.713222
 20.740001 4.266075 0.698393
 20.760001 4.271702 0.681310
 20.780001 4.277973 0.662394
 20.800001 4.284994 0.641389
 20.820001 4.291696 0.621533
 20.840001 4.296510 0.607395
 20.860001 4.299877 0.597576
 20.880001 4.304013 0.585592
 20.900001 4.308013 0.574090
 20.920001 4.311788 0.563319
 20.940001 4.316707 0.549404
 20.960001 4.323077 0.531607
 20.980001 4.327979 0.518083
 21.000001 4.332833 0.504850
 21.020001 4.340862 1.659798
 21.040001 4.349807 1.634248
 21.060001 4.358606 1.608239
 21.080001 4.369941 1.573513
 21.100001 4.382061 1.534947
 21.120001 4.391866 1.502734
 21.140001 4.399890 1.475741
 21.160001 4.408130 1.445388
 21.180001 4.416136 1.417653
 21.200001 4.424449 1.388354
 21.220001 4.432753 1.358620
 21.240001 4.444213 1.316902
 21.260001 4.455608 1.274745
 21.280001 4.465768 1.236693
 21.300001 4.477826 1.191083
 21.320001 4.488343 1.151018
 21.340001 4.496532 1.119702
 21.360001 4.504062 1.090854
 21.380001 4.513748 1.053738
 21.400001 4.522428 1.020523
 21.420001 4.530416 0.990040
 21.440001 4.538751 0.958364
 21.460001 4.545361 0.933372
 21.480001 4.551902 0.908769
 21.500001 4.558070 0.885714
 21.520001 4.564138 0.863177
 21.540001 4.570205 0.840805
 21.560001 4.577517 0.814085
 21.580001 4.585184 0.786374
 21.600001 4.591669 0.763200
 21.620001 4.596610 0.745718
 21.640001 4.604117 0.719461
 21.660001 4.612546 0.690447
 21.680001 4.620733 0.662765
 21.700001 4.627097 0.641604
 21.720001 4.636191 0.611937
 21.740001 4.645495 0.582307
 21.760001 4.654199 0.555276
 21.780001 4.664434 0.524369
 21.800001 4.676282 0.489823
 21.820001 4.687356 0.458761
 21.840001 4.697178 0.432223
 21.860001 4.705473 0.410565
 21.880001 4.714530 0.387712
 21.900001 4.723612 0.365634
 21.920001 4.733588 0.342349
 21.940001 4.743882 0.319386
 21.960001 4.752490 0.301010
 21.980001 4.758802 0.288010
 22.000001 4.766081 0.273512
 22.020001 4.774637 1.443979
 22.040001 4.780206 1.432508
 22.060001 4.784637 1.423180
 22.080001 4.791493 1.408386
 22.100001 4.797350 1.395402
 22.120001 4.802272 1.384248
 22.140001 4.808259 1.370381
 22.160001 4.815252 1.353769
 22.180001 4.822303 1.336573
 22.200001 4.827510 1.323591
 22.220001 4.831203 1.314239
 22.240001 4.835974 1.301983
 22.260001 4.840958 1.288971
 22.280001 4.846404 1.274519
 22.300001 4.852281 1.258650
 22.320001 4.858294 1.242132
 22.340001 4.864147 1.225786
 22.360001 4.869799 1.209758
 22.380001 4.874931 1.195012
 22.400001 4.879309 1.182285
 22.420001 4.885681 1.163536
 22.440001 4.894194 1.136023
 22.460001 4.901746 1.113313
 22.480001 4.909304 1.090260
 22.500001 4.918156 1.062890
 22.520001 4.929284 1.027993
 22.540001 4.941361 0.989603
 22.560001 4.954075 0.948759
 22.580001 4.967343 0.905830
 22.600001 4.982748 0.855835
 22.620001 4.998243 0.805655
 22.640001 5.013406 0.756926
 22.660001 5.028653 0.708555
 22.680001 5.045476 0.656207
 22.700001 5.062839 0.603620
 22.720001 5.080382 0.552269
 22.740001 5.100671 0.495472
 22.760001 5.122862 0.436914
 22.780001 5.140987 0.392085
 22.800001 5.163057 0.341349
 22.820001 5.184344 0.296535
 22.840001 5.208282 0.251023
 22.860001 5.229351 0.213296
 22.880001 5.250417 0.181814
 22.900001 5.270508 0.155098
 22.920001 5.287910 0.134449
 22.940001 5.306531 0.114771
 22.960001 5.323935 0.098496
 22.980001 5.339325 0.085693
 23.000001 5.350877 0.076995
 23.020001 5.363767 1.263045
 23.040001 5.376865 1.250080
 23.060001 5.389600 1.235165
 23.080001 5.401143 1.219679
 23.100001 5.413593 1.200905
 23.120001 5.425603 1.180799
 23.140001 5.435742 1.162343
 23.160001 5.446090 1.142157
 23.180001 5.456291 1.120978
 23.200001 5.465496 1.100827
 23.220001 5.476952 1.074452
 23.240001 5.488309 1.046982
 23.260001 5.498870 1.020356
 23.280001 5.511882 0.986262
 23.300001 5.526289 0.947070
 23.320001 5.539156 0.910994
 23.340001 5.551023 0.877005
 23.360001 5.563799 0.839820
 23.380001 5.575955 0.804046
 23.400001 5.588886 0.765759
 23.420001 5.601895 0.727185
 23.440001 5.616769 0.683264
 23.460001 5.629153 0.647027
 23.480001 5.642007 0.609900
 23.500001 5.657472 0.564044
 23.520001 5.674977 0.516363
 23.540001 5.691481 0.472977
 23.560001 5.703651 0.442101
 23.580001 5.716287 0.411142
 23.600001 5.730223 0.378385
 23.620001 5.743512 0.348570
 23.640001 5.754486 0.325036
 23.660001 5.765330 0.302768
 23.680001 5.775983 0.281862
 23.700001 5.786838 0.261554
 23.720001 5.799146 0.239744
 23.740001 5.812731 0.217167
 23.760001 5.827469 0.194419
 23.780001 5.840954 0.175166
 23.800001 5.852501 0.159833
 23.820001 5.862511 0.147376
 23.840001 5.871230 0.137139
 23.860001 5.878971 0.128519
 23.880001 5.886820 0.120212
 23.900001 5.895002 0.112007
 23.920001 5.903196 0.104239
 23.940001 5.912519 0.095929
 23.960001 5.922147 0.087912
 23.980001 5.931687 0.080513
 24.000001 5.942633 0.072656
 24.020001 5.955397 1.259418
 24.040001 5.968460 1.246899
 24.060001 5.978594 1.235517
 24.080001 5.989481 1.221664
 24.100001 6.001798 1.203978
 24.120001 6.012527 1.186860
 24.140001 6.022133 1.170214
 24.160001 6.033113 1.149705
 24.180001 6.045425 1.124907
 24.200001 6.054402 1.105683
 24.220001 6.063082 1.086223
 24.240001 6.072779 1.063532
 24.260001 6.080887 1.043835
 24.280001 6.090399 1.019941
 24.300001 6.101528 0.991004
 24.320001 6.110998 0.965635
 24.340001 6.119493 0.942354
 24.360001 6.127527 0.919938
 24.380001 6.134794 0.899368
 24.400001 6.142955 0.875979
 24.420001 6.152218 0.849126
 24.440001 6.164799 0.812263
 24.460001 6.176779 0.776891
 24.480001 6.185505 0.751058
 24.500001 6.193313 0.727942
 24.520001 6.201571 0.703545
 24.540001 6.208868 0.682064
 24.560001 6.215132 0.663711
 24.580001 6.222486 0.642292
 24.600001 6.228654 0.624456
 24.620001 6.234813 0.604470
 24.640001 6.241237 0.586393
 24.660001 6.247370 0.569288
 24.680001 6.254205 0.550422
 24.700001 6.261906 0.529441
 24.720001 6.269979 0.507785
 24.740001 6.275015 0.494467
 24.760001 6.279475 0.482801
 24.780001 6.286128 0.465631
 24.800001 6.294867 0.443525
 24.820001 6.303450 0.422332
 24.840001 6.312986 0.399421
 24.860001 6.323549 0.374850
 24.880001 6.333388 0.352760
 24.900001 6.341738 0.334629
 24.920001 6.351014 0.315167
 24.940001 6.361917 0.293216
 24.960001 6.372956 0.272022
 24.980001 6.384339 0.251256
 25.000001 6.395838 0.231400
 25.020001 6.407299 1.400917
 25.040001 6.417779 1.381477
 25.060001 6.429019 1.359334
 25.080001 6.442338 1.331381
 25.100001 6.452817 1.308107
 25.120001 6.463090 1.284221
 25.140001 6.476985 1.250290
 25.160001 6.489995 1.216910
 25.180001 6.500674 1.188418
 25.200001 6.514206 1.151005
 25.220001 6.526645 1.115438
 25.240001 6.536146 1.087591
 25.260001 6.545018 1.061110
 25.280001 6.554891 1.031162
 25.300001 6.564438 1.001787
 25.320001 6.572747 0.975941
 25.340001 6.583581 0.941921
 25.360001 6.594496 0.907379
 25.380001 6.604786 0.874660
 25.400001 6.616777 0.836459
 25.420001 6.629599 0.795666
 25.440001 6.642167 0.755895
 25.460001 6.653730 0.719615
 25.480001 6.664066 0.687534
 25.500001 6.676792 0.648594
 25.520001 6.686828 0.618410
 25.540001 6.695929 0.591488
 25.560001 6.706217 0.561630
 25.580001 6.716806 0.531592
 25.600001 6.726290 0.505330
 25.620001 6.733356 0.486183
 25.640001 6.739214 0.470589
 25.660001 6.747500 0.448985
 25.680001 6.754942 0.430042
 25.700001 6.762533 0.411187
 25.720001 6.770966 0.390803
 25.740001 6.778474 0.373164
 25.760001 6.786217 0.355484
 25.780001 6.794670 0.336783
 25.800001 6.804990 0.314807
 25.820001 6.815349 0.293703
 25.840001 6.825517 0.273921
 25.860001 6.836457 0.251660
 25.880001 6.847927 0.231867
 25.900001 6.860671 0.211174
 25.920001 6.873634 0.191508
 25.940001 6.887304 0.172247
 25.960001 6.900613 0.154913
 25.980001 6.911900 0.141272
 26.000001 6.923820 0.127884
 26.020001 6.933519 1.310991
 26.040001 6.943069 1.298990
 26.060001 6.953588 1.284467
 26.080001 6.964777 1.267511
 26.100001 6.975172 1.250370
 26.120001 6.984742 1.233420
 26.140001 6.994400 1.215198
 26.160001 7.005473 1.192956
 26.180001 7.016802 1.168758
 26.200001 7.027243 1.145222
 26.220001 7.039789 1.115460
 26.240001 7.054320 1.079114
 26.260001 7.065575 1.049704
 26.280001 7.073951 1.027168
 26.300001 7.081956 1.005165
 26.320001 7.088183 0.987757
 26.340001 7.093092 0.973869
 26.360001 7.101007 0.951198
 26.380001 7.110562 0.923421
 26.400001 7.119578 0.896868
 26.420001 7.129107 0.868512
 26.440001 7.140243 0.835093
 26.460001 7.149603 0.806856
 26.480001 7.157039 0.784374
 26.500001 7.167158 0.753780
 26.520001 7.179481 0.716640
 26.540001 7.190738 0.682936
 26.560001 7.201917 0.649798
 26.580001 7.215873 0.609036
 26.600001 7.228227 0.573659
 26.620001 7.237784 0.546823
 26.640001 7.246422 0.523016
 26.660001 7.254354 0.501554
 26.680001 7.260929 0.484076
 26.700001 7.268288 0.464864
 26.720001 7.277300 0.441863
 26.740001 7.286925 0.415894
 26.760001 7.294970 0.396698
 26.780001 7.303602 0.376651
 26.800001 7.312682 0.356198
 26.820001 7.319959 0.340285
 26.840001 7.326801 0.325723
 26.860001 7.336084 0.306587
 26.880001 7.347462 0.284124
 26.900001 7.359547 0.261472
 26.920001 7.369725 0.243361
 26.940001 7.377378 0.230322
 26.960001 7.383503 0.220242
 26.980001 7.388807 0.211768
 27.000001 7.394658 0.202692
 27.020001 7.401108 1.383368
 27.040001 7.407001 1.373768
 27.060001 7.412941 1.363709
 27.080001 7.419149 1.352783
 27.100001 7.425538 1.341101
 27.120001 7.431416 1.329960
 27.140001 7.437840 1.317356
 27.160001 7.443787 1.305290
 27.180001 7.449675 1.292975
 27.200001 7.455586 1.280243
 27.220001 7.461897 1.266249
 27.240001 7.467701 1.253022
 27.260001 7.473302 1.239936
 27.280001 7.481236 1.220877
 27.300001 7.490156 1.198738
 27.320001 7.501810 1.168735
 27.340001 7.513867 1.136485
 27.360001 7.526280 1.102108
 27.380001 7.540164 1.062399
 27.400001 7.553789 1.022304
 27.420001 7.568949 0.976616
 27.440001 7.585940 0.924383
 27.460001 7.602540 0.872669
 27.480001 7.617610 0.825444
 27.500001 7.631432 0.782146
 27.520001 7.646016 0.736707
 27.540001 7.663380 0.683263
 27.560001 7.680252 0.632341
 27.580001 7.695772 0.586656
 27.600001 7.708491 0.550201
 27.620001 7.721249 0.514645
 27.640001 7.732616 0.483896
 27.660001 7.745515 0.450146
 27.680001 7.760414 0.412768
 27.700001 7.776276 0.374967
 27.720001 7.792954 0.337530
 27.740001 7.809842 0.299860
 27.760001 7.825334 0.270016
 27.780001 7.839405 0.244678
 27.800001 7.852325 0.222888
 27.820001 7.864465 0.203687
 27.840001 7.876121 0.186398
 27.860001 7.886934 0.171341
 27.880001 7.897829 0.157101
 27.900001 7.908967 0.143484
 27.920001 7.920605 0.130239
 27.940001 7.931729 0.118484
 27.960001 7.942361 0.108041
 27.980001 7.953122 0.098227
 28.000001 7.963134 0.089749
 28.020001 7.974757 1.275261
 28.040001 7.989717 1.259229
 28.060001 8.003720 1.241472
 28.080001 8.016300 1.223255
 28.100001 8.030769 1.199690
 28.120001 8.047123 1.169788
 28.140001 8.060882 1.142065
 28.160001 8.073533 1.114620
 28.180001 8.087465 1.082378
 28.200001 8.099847 1.052093
 28.220001 8.110560 1.024762
 28.240001 8.120526 0.998488
 28.260001 8.130495 0.971475
 28.280001 8.142459 0.938207
 28.300001 8.154152 0.904939
 28.320001 8.165713 0.871453
 28.340001 8.177350 0.837297
 28.360001 8.189015 0.802750
 28.380001 8.198513 0.774490
 28.400001 8.208025 0.746154
 28.420001 8.218082 0.716243
 28.440001 8.227534 0.688244
 28.460001 8.236267 0.662534
 28.480001 8.247952 0.628470
 28.500001 8.259993 0.593881
 28.520001 8.273605 0.555549
 28.540001 8.287601 0.515130
 28.560001 8.301662 0.478108
 28.580001 8.312886 0.449455
 28.600001 8.324543 0.420616
 28.620001 8.336412 0.392273
 28.640001 8.348513 0.364496
 28.660001 8.360798 0.337497
 28.680001 8.371766 0.314445
 28.700001 8.384062 0.289804
 28.720001 8.395376 0.268267
 28.740001 8.406246 0.248604
 28.760001 8.415772 0.232200
 28.780001 8.424643 0.217613
 28.800001 8.433601 0.203555
 28.820001 8.443147 0.189303
 28.840001 8.454600 0.173181
 28.860001 8.467536 0.156222
 28.880001 8.478177 0.143235
 28.900001 8.487481 0.132572
 28.920001 8.498799 0.120440
 28.940001 8.510256 0.109061
 28.960001 8.519949 0.100113
 28.980001 8.529353 0.092003
 29.000001 8.540159 0.083345
 29.020001 8.551954 1.269519
 29.040001 8.562503 1.258958
 29.060001 8.573300 1.246562
 29.080001 8.586510 1.229206
 29.100001 8.597248 1.213336
 29.120001 8.605832 1.199529
 29.140001 8.614253 1.185034
 29.160001 8.623287 1.168461
 29.180001 8.634038 1.147401
 29.200001 8.646924 1.120324
 29.220001 8.662174 1.085861
 29.240001 8.678330 1.046738
 29.260001 8.694144 1.006142
 29.280001 8.707549 0.970184
 29.300001 8.720402 0.934585
 29.320001 8.730808 0.905090
 29.340001 8.743818 0.867533
 29.360001 8.759361 0.821937
 29.380001 8.773114 0.781199
 29.400001 8.783026 0.751743
 29.420001 8.793401 0.720931
 29.440001 8.806330 0.682708
 29.460001 8.817672 0.649466
 29.480001 8.830049 0.613629
 29.500001 8.845059 0.570977
 29.520001 8.859476 0.529105
 29.540001 8.870172 0.500509
 29.560001 8.878946 0.477557
 29.580001 8.887436 0.455813
 29.600001 8.896271 0.433708
 29.620001 8.904570 0.413449
 29.640001 8.913537 0.392136
 29.660001 8.923625 0.368901
 29.680001 8.933753 0.346391
 29.700001 8.944843 0.322706
 29.720001 8.955839 0.300239
 29.740001 8.966115 0.280167
 29.760001 8.975366 0.262869
 29.780001 8.987223 0.241765
 29.800001 8.999540 0.221107
 29.820001 9.010740 0.203430
 29.840001 9.022386 0.186149
 29.860001 9.035869 0.167514
 29.880001 9.049884 0.149656
 29.900001 9.063001 0.134288
 29.920001 9.074799 0.121532
 29.940001 9.086987 0.109369
 29.960001 9.099073 0.098280
 29.980001 9.111482 0.087849
 30.000001 9.124376 0.077977
 30.020001 9.137174 1.263960
 30.040001 9.150797 1.250343
 30.060001 9.163065 1.235859
 30.080001 9.174829 1.219992
 30.100001 9.185565 1.203841
 30.120001 9.194627 1.188988
 30.140001 9.203693 1.173036
 30.160001 9.211073 1.159262
 30.180001 9.218733 1.144240
 30.200001 9.226165 1.128979
 30.220001 9.232577 1.115290
 30.240001 9.240684 1.097309
 30.260001 9.248245 1.079896
 30.280001 9.254107 1.065988
 30.300001 9.261689 1.047496
 30.320001 9.269684 1.027418
 30.340001 9.280580 0.999168
 30.360001 9.293382 0.964814
 30.380001 9.306667 0.928016
 30.400001 9.319320 0.892081
 30.420001 9.332061 0.855210
 30.440001 9.342619 0.824272
 30.460001 9.352526 0.795027
 30.480001 9.361721 0.767781
 30.500001 9.371075 0.740031
 30.520001 9.380351 0.712554
 30.540001 9.390376 0.682976
 30.560001 9.399932 0.654977
 30.580001 9.410266 0.624987
 30.600001 9.422245 0.590700
 30.620001 9.435869 0.550527
 30.640001 9.448924 0.515147
 30.660001 9.462431 0.479551
 30.680001 9.477642 0.440860
 30.700001 9.493714 0.401745
 30.720001 9.510737 0.362456
 30.740001 9.526679 0.327773
 30.760001 9.544792 0.290937
 30.780001 9.565040 0.253060
 30.800001 9.586202 0.217203
 30.820001 9.605321 0.188037
 30.840001 9.623592 0.162938
 30.860001 9.641921 0.140370
 30.880001 9.662417 0.118060
 30.900001 9.682698 0.098821
 30.920001 9.702161 0.082799
 30.940001 9.719932 0.070078
 30.960001 9.738203 0.058723
 30.980001 9.754437 0.049963
 31.000001 9.772034 0.041738
 31.020001 9.785603 1.232536
 31.040001 9.797573 1.223720
 31.060001 9.808755 1.213456
 31.080001 9.820443 1.200642
 31.100001 9.830935 1.187344
 31.120001 9.842735 1.170398
 31.140001 9.855178 1.150315
 31.160001 9.866788 1.129604
 31.180001 9.878451 1.106973
 31.200001 9.888834 1.085370
 31.220001 9.898249 1.064666
 31.240001 9.907667 1.042962
 31.260001 9.916822 1.020976
 31.280001 9.927618 0.994019
 31.300001 9.941427 0.958084
 31.320001 9.957594 0.914249
 31.340001 9.972570 0.872287
 31.360001 9.987428 0.829696
 31.380001 10.003568 0.782723
 31.400001 10.019652 0.733601
 31.420001 10.034227 0.691265
 31.440001 10.045873 0.657588
 31.460001 10.059772 0.617783
 31.480001 10.072325 0.582359
 31.500001 10.081742 0.556203
 31.520001 10.091474 0.529615
 31.540001 10.103511 0.497437
 31.560001 10.114553 0.468684
 31.580001 10.126346 0.438862
 31.600002 10.139627 0.406461
 31.620002 10.152052 0.377350
 31.640002 10.164418 0.349589
 31.660002 10.177151 0.322315
 31.680002 10.189514 0.297130
 31.700002 10.201272 0.274382
 31.720002 10.213228 0.252463
 31.740002 10.226253 0.229974
 31.760002 10.237074 0.212381
 31.780002 10.245455 0.199430
 31.800002 10.254070 0.186720
 31.820002 10.261625 0.176071
 31.840002 10.270070 0.164707
 31.860002 10.282583 0.148889
 31.880002 10.298933 0.129996
 31.900002 10.313097 0.115179
 31.920002 10.328826 0.100318
 31.940002 10.345396 0.086360
 31.960002 10.359528 0.075739
 31.980002 10.370411 0.068309
 32.000002 10.383657 0.060089
 32.020002 10.396137 1.248874
 32.040002 10.409182 1.237589
 32.060002 10.421024 1.225172
 32.080002 10.432134 1.211646
 32.100002 10.442963 1.196729
 32.120002 10.450490 1.185369
 32.140002 10.459400 1.170893
 32.160002 10.470254 1.151785
 32.180002 10.481667 1.130015
 32.200002 10.493647 1.105399
 32.220002 10.507326 1.075220
 32.240002 10.519157 1.047475
 32.260002 10.531151 1.017930
 32.280002 10.543625 0.985843
 32.300002 10.555340 0.954597
 32.320002 10.563839 0.931343
 32.340002 10.572428 0.907403
 32.360002 10.582232 0.879618
 32.380002 10.592228 0.850873
 32.400002 10.601167 0.824891
 32.420002 10.610804 0.796665
 32.440002 10.620450 0.768273
 32.460002 10.628306 0.745105
 32.480002 10.636895 0.719779
 32.500002 10.648529 0.685585
 32.520002 10.661541 0.645501
 32.540002 10.672083 0.615395
 32.560002 10.683559 0.583036
 32.580002 10.695043 0.551196
 32.600002 10.703393 0.528441
 32.620002 10.712466 0.504141
 32.640002 10.724384 0.472964
 32.660002 10.734068 0.448306
 32.680002 10.744348 0.422841
 32.700002 10.759075 0.387714
 32.720002 10.774316 0.353140
 32.740002 10.786851 0.326116
 32.760002 10.797681 0.303825
 32.780002 10.810760 0.278229
 32.800002 10.822603 0.256311
 32.820002 10.835493 0.233815
 32.840002 10.849414 0.211102
 32.860002 10.860614 0.194003
 32.880002 10.867310 0.184273
 32.900002 10.874818 0.173793
 32.920002 10.884006 0.161578
 32.940002 10.892957 0.150308
 32.960002 10.902492 0.138971
 32.980002 10.914115 0.126051
 33.000002 10.922736 0.117088
 33.020002 10.930865 1.303118
 33.040002 10.939685 1.292837
 33.060002 10.948851 1.281112
 33.080002 10.957763 1.268692
 33.100002 10.966961 1.254815
 33.120002 10.978671 1.235605
 33.140002 10.990935 1.213658
 33.160002 11.006452 1.183284
 33.180002 11.023319 1.147118
 33.200002 11.040674 1.106721
 33.220002 11.057721 1.064196
 33.240002 11.074620 1.019590
 33.260002 11.090817 0.974898
 33.280002 11.105893 0.931899
 33.300002 11.121364 0.886692
 33.320002 11.137363 0.839129
 33.340002 11.150670 0.799194
 33.360002 11.163806 0.759657
 33.380002 11.178045 0.716890
 33.400002 11.192186 0.674739
 33.420002 11.204226 0.639268
 33.440002 11.217720 0.600132
 33.460002 11.230640 0.563423
 33.480002 11.241134 0.534246
 33.500002 11.252103 0.504442
 33.520002 11.265411 0.469320
 33.540002 11.278109 0.434975
 33.560002 11.288404 0.409895
 33.580002 11.299795 0.383070
 33.600002 11.312449 0.354461
 33.620002 11.322645 0.332349
 33.640002 11.331509 0.313827
 33.660002 11.344318 0.288228
 33.680002 11.357684 0.263004
 33.700002 11.368929 0.242960
 33.720002 11.378547 0.226670
 33.740002 11.388563 0.210534
 33.760002 11.397399 0.196993
 33.780002 11.404515 0.186553
 33.800002 11.410873 0.177573
 33.820002 11.416718 0.169603
 33.840002 11.423174 0.161112
 33.860002 11.429560 0.153031
 33.880002 11.437871 0.142979
 33.900002 11.446607 0.132964
 33.920002 11.454853 0.124017
 33.940002 11.463547 0.115099
 33.960002 11.470563 0.108277
 33.980002 11.477758 0.101617
 34.000002 11.485743 0.094613
 34.020002 11.495295 1.281549
 34.040002 11.503761 1.272801
 34.060002 11.510935 1.264640
 34.080002 11.519539 1.253943
 34.100002 11.530043 1.239540
 34.120002 11.539655 1.225068
 34.140002 11.546412 1.214167
 34.160002 11.553746 1.201660
 34.180002 11.561556 1.187585
 34.200002 11.567566 1.176230
 34.220002 11.573960 1.163662
 34.240002 11.580283 1.150751
 34.260002 11.586135 1.138384
 34.280002 11.591711 1.126239
 34.300002 11.596326 1.115925
 34.320002 11.601286 1.104586
 34.340002 11.606119 1.093289
 34.360002 11.611963 1.079311
 34.380002 11.617879 1.064824
 34.400002 11.624913 1.047178
 34.420002 11.632574 1.027469
 34.440002 11.638045 1.013097
 34.460002 11.643953 0.997318
 34.480002 11.650755 0.978845
 34.500002 11.658668 0.956966
 34.520002 11.664627 0.940245
 34.540002 11.671795 0.919879
 34.560002 11.682151 0.890029
 34.580002 11.692908 0.858594
 34.600002 11.703595 0.827033
 34.620002 11.716900 0.787458
 34.640002 11.731181 0.744849
 34.660002 11.743076 0.709432
 34.680002 11.752906 0.680319
 34.700002 11.764097 0.647453
 34.720002 11.774770 0.616471
 34.740002 11.785705 0.585192
 34.760002 11.794944 0.559192
 34.780002 11.802985 0.536924
 34.800002 11.810504 0.514248
 34.820002 11.817006 0.496997
 34.840002 11.823559 0.479868
 34.860002 11.829194 0.465352
 34.880002 11.835234 0.450029
 34.900002 11.841190 0.435165
 34.920002 11.847184 0.420459
 34.940002 11.853953 0.404169
 34.960002 11.861110 0.387323
 34.980002 11.868653 0.370002
 35.000002 11.875712 0.354198
 35.020002 11.882201 1.523513
 35.040002 11.889606 1.506338
 35.060002 11.897589 1.487181
 35.080002 11.905143 1.468449
 35.100002 11.912499 1.449656
 35.120002 11.920859 1.427655
 35.140002 11.931861 1.397695
 35.160002 11.944334 1.362411
 35.180002 11.954376 1.333042
 35.200002 11.963463 1.305776
 35.220002 11.973088 1.276225
 35.240002 11.984087 1.241681
 35.260002 11.993242 1.212351
 35.280002 12.003169 1.180020
 35.300002 12.014703 1.141847
 35.320002 12.026279 1.102985
 35.340002 12.036209 1.069297
 35.360002 12.046047 1.035671
 35.380002 12.056065 1.001253
 35.400002 12.066138 0.966541
 35.420002 12.078094 0.925309
 35.440002 12.087940 0.891414
 35.460002 12.096534 0.861936
 35.480002 12.104427 0.834987
 35.500002 12.112751 0.806742
 35.520002 12.121324 0.777882
 35.540002 12.130165 0.748404
 35.560002 12.140443 0.714559
 35.580002 12.152254 0.676316
 35.600002 12.163908 0.639353
 35.620002 12.173900 0.608334
 35.640002 12.184591 0.575898
 35.660002 12.195081 0.544878
 35.680002 12.203398 0.520882
 35.700002 12.211597 0.497769
 35.720002 12.220979 0.472007
 35.740002 12.230010 0.447919
 35.760002 12.238124 0.426887
 35.780002 12.246544 0.405686
 35.800002 12.256417 0.381649
 35.820002 12.265801 0.359638
 35.840002 12.274232 0.340562
 35.860002 12.282937 0.321565
 35.880002 12.290175 0.306311
 35.900002 12.298345 0.289684
 35.920002 12.308121 0.270612
 35.940002 12.318273 0.251744
 35.960002 12.326590 0.236992
 35.980002 12.335838 0.221325
 36.000002 12.346190 0.204695
 36.020002 12.356976 1.377915
 36.040002 12.368290 1.358315
 36.060002 12.381964 1.330888
 36.080002 12.395015 1.305053
 36.100002 12.407335 1.278991
 36.120002 12.420145 1.250216
 36.140002 12.434936 1.214953
 36.160002 12.447664 1.182955
 36.180002 12.459223 1.152658
 36.200002 12.470755 1.121348
 36.220002 12.482999 1.087024
 36.240002 12.495284 1.051583
 36.260002 12.506016 1.019911
 36.280002 12.516426 0.988642
 36.300002 12.525040 0.962422
 36.320002 12.533548 0.936275
 36.340002 12.541539 0.911529
 36.360002 12.549517 0.886689
 36.380002 12.556911 0.863582
 36.400002 12.565388 0.837031
 36.420002 12.576949 0.800807
 36.440002 12.589343 0.762078
 36.460002 12.600723 0.726739
 36.480002 12.612499 0.690516
 36.500002 12.626263 0.648772
 36.520002 12.639726 0.608719
 36.540002 12.649283 0.580838
 36.560002 12.659985 0.550232
 36.580002 12.670405 0.521117
 36.600002 12.681308 0.491430
 36.620002 12.695270 0.454665
 36.640002 12.710311 0.416732
 36.660002 12.727243 0.376235
 36.680002 12.742638 0.341524
 36.700002 12.757072 0.310853
 36.720002 12.767339 0.288107
 36.740002 12.776668 0.270364
 36.760002 12.786876 0.251798
 36.780002 12.795570 0.236683
 36.800002 12.805850 0.219635
 36.820002 12.814067 0.206642
 36.840002 12.822216 0.194311
 36.860002 12.831274 0.181237
 36.880002 12.840210 0.168986
 36.900002 12.849092 0.157430
 36.920002 12.859658 0.144470
 36.940002 12.869750 0.132866
 36.960002 12.879553 0.122297
 36.980002 12.888824 0.112916
 37.000002 12.898881 0.103392
 37.020002 12.909249 1.288497
 37.040002 12.918899 1.277787
 37.060002 12.929972 1.263997
 37.080002 12.941277 1.248260
 37.100002 12.951244 1.232998
 37.120002 12.959024 1.220190
 37.140002 12.967363 1.205606
 37.160002 12.976253 1.189099
 37.180002 12.984949 1.172017
 37.200002 12.994968 1.151226
 37.220002 13.003340 1.132976
 37.240002 13.012707 1.111652
 37.260002 13.023107 1.086915
 37.280002 13.031287 1.066724
 37.300002 13.040282 1.043824
 37.320002 13.050444 1.017140
 37.340002 13.058897 0.994344
 37.360002 13.067669 0.970168
 37.380002 13.078512 0.939646
 37.400002 13.088848 0.909981
 37.420002 13.098955 0.880534
 37.440002 13.107406 0.855646
 37.460002 13.115643 0.831212
 37.480002 13.123106 0.808961
 37.500002 13.131308 0.784436
 37.520002 13.139818 0.758955
 37.540002 13.147960 0.734593
 37.560002 13.155684 0.711542
 37.580002 13.162675 0.690757
 37.600002 13.169335 0.671051
 37.620002 13.177206 0.647917
 37.640002 13.184801 0.625783
 37.660002 13.193962 0.599376
 37.680002 13.204471 0.569538
 37.700002 13.216884 0.535020
 37.720002 13.229333 0.501289
 37.740002 13.240442 0.470038
 37.760002 13.252592 0.439322
 37.780002 13.267443 0.403196
 37.800002 13.282903 0.367360
 37.820002 13.298300 0.333567
 37.840002 13.310978 0.307212
 37.860002 13.326606 0.276590
 37.880002 13.343329 0.246128
 37.900002 13.359178 0.219454
 37.920002 13.374528 0.195626
 37.940002 13.390102 0.173425
 37.960002 13.406991 0.151520
 37.980002 13.424272 0.131347
 38.000002 13.439996 0.114857
 38.020002 13.453713 1.294794
 38.040002 13.466241 1.279191
 38.060002 13.479881 1.259929
 38.080002 13.493154 1.238913
 38.100002 13.506942 1.214738
 38.120002 13.519709 1.190280
 38.140002 13.529286 1.170667
 38.160002 13.538858 1.150021
 38.180002 13.547632 1.130218
 38.200002 13.555263 1.112342
 38.220002 13.561927 1.096256
 38.240002 13.568860 1.079076
 38.260002 13.576696 1.059134
 38.280002 13.584874 1.037768
 38.300002 13.595465 1.009326
 38.320002 13.607683 0.975548
 38.340002 13.621091 0.937458
 38.360002 13.632700 0.903771
 38.380002 13.642546 0.874792
 38.400002 13.653319 0.842763
 38.420002 13.665031 0.807684
 38.440002 13.678056 0.768525
 38.460002 13.694005 0.720631
 38.480002 13.710283 0.672138
 38.500002 13.723235 0.634056
 38.520002 13.735670 0.598071
 38.540002 13.746976 0.565953
 38.560002 13.758320 0.534397
 38.580002 13.769701 0.503491
 38.600002 13.783545 0.464742
 38.620002 13.796183 0.432999
 38.640002 13.805825 0.409544
 38.660002 13.816906 0.383446
 38.680002 13.829658 0.354602
 38.700002 13.844571 0.322544
 38.720002 13.859247 0.292808
 38.740002 13.872364 0.267777
 38.760002 13.884705 0.245565
 38.780002 13.897753 0.223487
 38.800002 13.911118 0.202359
 38.820002 13.928198 0.177497
 38.840002 13.944799 0.155567
 38.860002 13.958027 0.139608
 38.880002 13.970312 0.125940
 38.900002 13.983837 0.112122
 38.920002 13.996200 0.100563
 38.940002 14.006228 0.091903
 38.960002 14.015353 0.084555
 38.980002 14.024230 0.077871
 39.000002 14.031785 0.072528
 39.020002 14.040239 1.262908
 39.040002 14.052003 1.252471
 39.060002 14.063376 1.240515
 39.080002 14.071762 1.230520
 39.100002 14.080282 1.219344
 39.120002 14.089676 1.205837
 39.140002 14.098307 1.192348
 39.160002 14.106809 1.178066
 39.180002 14.115044 1.163316
 39.200002 14.123407 1.147436
 39.220002 14.133925 1.126226
 39.240002 14.145643 1.101039
 39.260002 14.156999 1.075164
 39.280002 14.170769 1.042002
 39.300002 14.187469 0.999434
 39.320002 14.210329 0.937669
 39.340002 14.231040 0.879041
 39.360002 14.252457 0.816651
 39.380002 14.277019 0.744054
 39.400002 14.301956 0.670517
 39.420002 14.323224 0.608892
 39.440002 14.344291 0.547864
 39.460002 14.366222 0.489077
 39.480002 14.389013 0.431130
 39.500002 14.412120 0.376181
 39.520002 14.434761 0.326421
 39.540002 14.455784 0.284037
 39.560002 14.475137 0.248345
 39.580002 14.494375 0.216023
 39.600002 14.514006 0.186235
 39.620002 14.534335 0.158675
 39.640002 14.552268 0.137014
 39.660002 14.570226 0.117679
 39.680002 14.587061 0.101561
 39.700002 14.604001 0.087170
 39.720002 14.623216 0.072892
 39.740002 14.642097 0.060792
 39.760002 14.659033 0.051407
 39.780002 14.675315 0.043565
 39.800002 14.690476 0.037200
 39.820002 14.707930 0.030874
 39.840002 14.724333 0.025799
 39.860002 14.744680 0.020523
 39.880002 14.765848 0.016063
 39.900002 14.785767 0.012672
 39.920002 14.804913 0.010029
 39.940002 14.823811 0.007916
 39.960002 14.839490 0.006477
 39.980002 14.854322 0.005338
 40.000002 14.869794 0.004346
 40.020002 14.885286 1.201023
 40.040002 14.899049 1.194530
 40.060002 14.913183 1.184258
 40.080002 14.929097 1.166515
 40.100002 14.944854 1.146923
 40.120002 14.955763 1.130918
 40.140002 14.967016 1.112420
 40.160002 14.978539 1.091498
 40.180002 14.987374 1.074177
 40.200002 14.998166 1.051607
 40.220002 15.010803 1.023354
 40.240002 15.020426 1.000634
 40.260002 15.029396 0.978605
 40.280002 15.038046 0.956651
 40.300002 15.045078 0.938342
 40.320002 15.049651 0.926228
 40.340002 15.055330 0.910980
 40.360002 15.065538 0.883051
 40.380002 15.075568 0.855055
 40.400002 15.083897 0.831464
 40.420002 15.093552 0.803815
 40.440002 15.103976 0.773695
 40.460002 15.113584 0.745788
 40.480002 15.124749 0.713294
 40.500002 15.137566 0.676070
 40.520002 15.151751 0.635183
 40.540002 15.165613 0.595760
 40.560002 15.179661 0.556555
 40.580002 15.195841 0.512579
 40.600002 15.212133 0.469815
 40.620002 15.226676 0.433110
 40.640002 15.241818 0.396506
 40.660002 15.256111 0.363573
 40.680002 15.269607 0.333988
 40.700002 15.283794 0.304522
 40.720002 15.296025 0.280486
 40.740002 15.307170 0.259699
 40.760002 15.318566 0.239544
 40.780002 15.331489 0.218025
 40.800002 15.343197 0.199742
 40.820002 15.353035 0.185255
 40.840002 15.365735 0.167712
 40.860002 15.379736 0.149842
 40.880002 15.392084 0.135316
 40.900002 15.403403 0.122977
 40.920002 15.415360 0.110916
 40.940002 15.426640 0.100413
 40.960002 15.437487 0.091077
 40.980002 15.448023 0.082691
 41.000002 15.457429 0.075746
 41.020002 15.465914 1.265743
 41.040002 15.475668 1.256994
 41.060002 15.485537 1.246784
 41.080002 15.496027 1.234427
 41.100002 15.506902 1.219983
 41.120002 15.516388 1.206037
 41.140002 15.527274 1.188513
 41.160002 15.539572 1.166809
 41.180002 15.550674 1.145539
 41.200002 15.562543 1.121119
 41.220002 15.576047 1.091342
 41.240002 15.588766 1.061499
 41.260002 15.599517 1.035025
 41.280002 15.610050 1.008079
 41.300002 15.620039 0.981694
 41.320002 15.632119 0.948827
 41.340002 15.644459 0.914332
 41.360002 15.657377 0.877403
 41.380002 15.670240 0.839998
 41.400002 15.685107 0.796243
 41.420002 15.699369 0.754001
 41.440002 15.714444 0.709361
 41.460002 15.730618 0.661804
 41.480002 15.746185 0.616667
 41.500002 15.760499 0.573853
 41.520002 15.772692 0.540265
 41.540002 15.783554 0.510976
 41.560002 15.794383 0.482452
 41.580002 15.803082 0.460069
 41.600002 15.810992 0.440158
 41.620002 15.819028 0.420379
 41.640002 15.826343 0.402785
 41.660002 15.834371 0.383946
 41.680002 15.843523 0.363085
 41.700002 15.853846 0.340364
 41.720002 15.864790 0.317235
 41.740002 15.876119 0.294353
 41.760002 15.888767 0.270093
 41.780002 15.901440 0.247156
 41.800002 15.914092 0.225621
 41.820002 15.927558 0.204184
 41.840002 15.942302 0.182431
 41.860002 15.956483 0.163162
 41.880002 15.968881 0.147603
 41.900002 15.978366 0.136480
 41.920002 15.987999 0.125857
 41.940002 15.999828 0.113706
 41.960002 16.010064 0.103954
 41.980002 16.021606 0.093767
 42.000002 16.034988 0.082980
 42.020002 16.048748 1.267354
 42.040002 16.064369 1.250785
 42.060002 16.080989 1.229458
 42.080002 16.097339 1.204782
 42.100002 16.113735 1.176450
 42.120002 16.131914 1.141025
 42.140002 16.150879 1.099879
 42.160002 16.169302 1.056204
 42.180002 16.187285 1.010491
 42.200002 16.206885 0.957750
 42.220002 16.225513 0.905390
 42.240002 16.242089 0.857450
 42.260002 16.255886 0.816891
 42.280002 16.268347 0.779968
 42.300002 16.282067 0.739200
 42.320002 16.294690 0.701781
 42.340002 16.304058 0.674164
 42.360002 16.313340 0.647002
 42.380002 16.324787 0.613875
 42.400002 16.338577 0.574651
 42.420002 16.351960 0.535465
 42.440002 16.365410 0.499435
 42.460002 16.380321 0.460756
 42.480002 16.392590 0.430037
 42.500002 16.404616 0.400978
 42.520002 16.418891 0.367915
 42.540002 16.433054 0.336720
 42.560002 16.445945 0.309767
 42.580002 16.457499 0.286799
 42.600002 16.470757 0.261844
 42.620002 16.485123 0.236496
 42.640002 16.500058 0.212000
 42.660002 16.516295 0.187476
 42.680002 16.534838 0.162083
 42.700002 16.553667 0.139029
 42.720002 16.570608 0.120518
 42.740002 16.588662 0.102973
 42.760002 16.605718 0.088327
 42.780002 16.619090 0.078062
 42.800002 16.630295 0.070230
 42.820002 16.643055 0.062112
 42.840002 16.656046 0.054664
 42.860002 16.668022 0.048475
 42.880002 16.680759 0.042553
 42.900002 16.692886 0.037497
 42.920002 16.704418 0.033176
 42.940002 16.717566 0.028778
 42.960002 16.730476 0.024960
 42.980002 16.744423 0.021339
 43.000002 16.756135 0.018662
 43.020002 16.767825 1.214124
 43.040002 16.779626 1.208032
 43.060002 16.793380 1.197920
 43.080002 16.808575 1.183021
 43.100002 16.823381 1.164825
 43.120002 16.840462 1.139495
 43.140002 16.857455 1.109939
 43.160002 16.871761 1.081927
 43.180002 16.883724 1.056479
 43.200002 16.895133 1.030631
 43.220002 16.909905 0.995095
 43.240002 16.926890 0.949662
 43.260002 16.945260 0.900742
 43.280002 16.962731 0.852274
 43.300002 16.980351 0.802058
 43.320002 16.999174 0.747564
 43.340002 17.017350 0.694713
 43.360002 17.034549 0.644998
 43.380002 17.052383 0.594227
 43.400002 17.070211 0.544689
 43.420002 17.086408 0.501058
 43.440002 17.103420 0.456921
 43.460002 17.121897 0.411211
 43.480002 17.137235 0.375203
 43.500002 17.152580 0.341044
 43.520002 17.170356 0.303910
 43.540002 17.188867 0.268085
 43.560002 17.207080 0.235699
 43.580002 17.225249 0.206194
 43.600002 17.240685 0.183287
 43.620002 17.254093 0.164954
 43.640002 17.268306 0.147056
 43.660002 17.283756 0.129321
 43.680002 17.298467 0.114019
 43.700002 17.313643 0.099768
 43.720002 17.328797 0.086993
 43.740002 17.341863 0.077072
 43.760002 17.353716 0.068892
 43.780002 17.365636 0.061402
 43.800002 17.375932 0.055489
 43.820002 17.384530 0.050923
 43.840002 17.394449 0.046054
 43.860002 17.404152 0.041677
 43.880002 17.414428 0.037434
 43.900002 17.425006 0.033457
 43.920002 17.437982 0.029080
 43.940002 17.449282 0.025681
 43.960002 17.459986 0.022785
 43.980002 17.471766 0.019932
 44.000002 17.485236 0.017059
 44.020002 17.499793 1.211557
 44.040002 17.513793 1.203566
 44.060002 17.527063 1.192877
 44.080002 17.542735 1.176411
 44.100002 17.558885 1.155210
 44.120002 17.577530 1.125648
 44.140002 17.596013 1.091329
 44.160002 17.613050 1.055671
 44.180002 17.630670 1.015178
 44.200002 17.647667 0.971028
 44.220002 17.665638 0.924326
 44.240002 17.680612 0.883640
 44.260002 17.697315 0.836817
 44.280002 17.715482 0.784714
 44.300002 17.733348 0.732854
 44.320002 17.750415 0.683254
 44.340002 17.766320 0.637375
 44.360002 17.780371 0.597399
 44.380002 17.792424 0.563692
 44.400002 17.804159 0.531512
 44.420002 17.819022 0.491822
 44.440002 17.835494 0.449430
 44.460002 17.851237 0.410661
 44.480002 17.865247 0.377722
 44.500002 17.880358 0.343934
 44.520002 17.891726 0.319754
 44.540002 17.903070 0.296705
 44.560002 17.914142 0.275266
 44.580002 17.926096 0.253298
 44.600002 17.937905 0.232793
 44.620002 17.949148 0.214372
 44.640002 17.961857 0.194821
 44.660002 17.975701 0.175033
 44.680002 17.992571 0.152981
 44.700002 18.010513 0.131907
 44.720002 18.027433 0.114160
 44.740002 18.043677 0.098946
 44.760002 18.059734 0.085545
 44.780002 18.075089 0.074144
 44.800002 18.088378 0.065312
 44.820002 18.101994 0.057185
 44.840002 18.115694 0.049879
 44.860002 18.128089 0.043963
 44.880002 18.139360 0.039111
 44.900002 18.150202 0.034882
 44.920002 18.159351 0.031626
 44.940002 18.167753 0.028869
 44.960002 18.177437 0.025953
 44.980002 18.188201 0.023015
 45.000002 18.200267 0.020071
 45.020002 18.213216 1.214757
 45.040002 18.224854 1.208373
 45.060002 18.237629 1.198709
 45.080002 18.249035 1.187754
 45.100002 18.264037 1.170066
 45.120002 18.278690 1.149303
 45.140002 18.291905 1.127751
 45.160002 18.304779 1.104312
 45.180002 18.318691 1.076451
 45.200002 18.330154 1.051660
 45.220002 18.340991 1.026824
 45.240002 18.350560 1.003852
 45.260002 18.357695 0.986142
 45.280002 18.366369 0.963999
 45.300002 18.377713 0.932075
 45.320002 18.388096 0.904218
 45.340002 18.396029 0.882474
 45.360002 18.406272 0.853893
 45.380002 18.418299 0.819754
 45.400002 18.430807 0.783773
 45.420002 18.443893 0.745816
 45.440002 18.455332 0.712546
 45.460002 18.466210 0.680959
 45.480002 18.476091 0.652413
 45.500002 18.486939 0.621331
 45.520002 18.495498 0.597060
 45.540002 18.503651 0.574197
 45.560002 18.512119 0.550758
 45.580002 18.523639 0.519441
 45.600002 18.535749 0.487321
 45.620002 18.547553 0.456894
 45.640002 18.559737 0.426477
 45.660002 18.571878 0.397244
 45.680002 18.582584 0.372405
 45.700002 18.595901 0.342783
 45.720002 18.609617 0.313804
 45.740002 18.624280 0.284579
 45.760002 18.637428 0.259935
 45.780002 18.649988 0.237773
 45.800002 18.662108 0.217659
 45.820002 18.675847 0.196351
 45.840002 18.689545 0.176650
 45.860002 18.702766 0.159058
 45.880002 18.714550 0.144519
 45.900002 18.721385 0.136565
 45.920002 18.729440 0.127627
 45.940002 18.737398 0.119251
 45.960002 18.747279 0.109457
 45.980002 18.758158 0.099422
 46.000002 18.770450 0.088982
 46.020002 18.785826 1.270861
 46.040002 18.799702 1.255448
 46.060002 18.813796 1.237114
 46.080002 18.827108 1.217329
 46.100002 18.838102 1.199210
 46.120002 18.849717 1.178361
 46.140002 18.861528 1.155419
 46.160002 18.872516 1.132567
 46.180002 18.880221 1.115712
 46.200002 18.887377 1.099473
 46.220002 18.896427 1.078170
 46.240002 18.906058 1.054610
 46.260002 18.917617 1.025217
 46.280002 18.931751 0.987794
 46.300002 18.943109 0.956685
 46.320002 18.954467 0.924794
 46.340002 18.965628 0.892821
 46.360002 18.976477 0.861261
 46.380002 18.988326 0.826386
 46.400002 19.001102 0.788481
 46.420002 19.017556 0.739494
 46.440002 19.032959 0.693779
 46.460002 19.047963 0.649674
 46.480002 19.062969 0.606248
 46.500002 19.078877 0.561222
 46.520002 19.092281 0.522216
 46.540002 19.105186 0.487991
 46.560002 19.117914 0.455242
 46.580002 19.130519 0.423893
 46.600002 19.141882 0.396624
 46.620002 19.152045 0.373068
 46.640002 19.161860 0.351099
 46.660002 19.171797 0.329655
 46.680002 19.183465 0.305524
 46.700002 19.199108 0.274981
 46.720002 19.214152 0.247573
 46.740002 19.227157 0.225434
 46.760002 19.240113 0.204796
 46.780002 19.255382 0.182255
 46.800002 19.268596 0.164266
 46.820002 19.281841 0.147602
 46.840002 19.295304 0.132014
 46.860002 19.309142 0.117350
 46.880002 19.320023 0.106745
 46.900002 19.327537 0.099875
 46.920002 19.333383 0.094778
 46.940002 19.343091 0.086777
 46.960002 19.352560 0.079509
 46.980002 19.361944 0.072803
 47.000002 19.371936 0.066181
 47.020002 19.383820 1.254583
 47.040002 19.396160 1.243540
 47.060002 19.408738 1.230015
 47.080002 19.419449 1.216693
 47.100002 19.428275 1.204478
 47.120002 19.439782 1.186899
 47.140002 19.453526 1.163510
 47.160002 19.469660 1.132869
 47.180002 19.484778 1.101224
 47.200002 19.497793 1.071875
 47.220002 19.508488 1.046415
 47.240002 19.516084 1.027657
 47.260002 19.523177 1.009667
 47.280002 19.530986 0.989371
 47.300002 19.541799 0.960492
 47.320002 19.551745 0.933227
 47.340002 19.561532 0.905833
 47.360002 19.572194 0.875452
 47.380002 19.584811 0.838930
 47.400002 19.596775 0.803890
 47.420002 19.608404 0.769604
 47.440002 19.619905 0.735619
 47.460002 19.633050 0.696854
 47.480002 19.646144 0.658507
 47.500002 19.659773 0.616927
 47.520002 19.672725 0.580423
 47.540002 19.688996 0.535572
 47.560002 19.703119 0.497749
 47.580002 19.717296 0.460984
 47.600002 19.733135 0.421506
 47.620002 19.749999 0.381494
 47.640002 19.767843 0.341590
 47.660002 19.783965 0.307787
 47.680002 19.801096 0.274274
 47.700002 19.817238 0.244986
 47.720002 19.832322 0.219623
 47.740002 19.848512 0.194524
 47.760002 19.866148 0.169625
 47.780002 19.883278 0.147789
 47.800002 19.898041 0.130746
 47.820002 19.911423 0.116650
 47.840002 19.923180 0.105277
 47.860002 19.933352 0.096163
 47.880002 19.941480 0.089345
 47.900002 19.950102 0.082545
 47.920002 19.959161 0.075860
 47.940002 19.969788 0.068589
 47.960002 19.979881 0.062226
 47.980002 19.988663 0.057096
 48.000002 19.997863 0.052106
 48.020002 20.006146 1.244889
 48.040002 20.017293 1.236766
 48.060002 20.032725 1.222421
 48.080002 20.047796 1.204940
 48.100002 20.063749 1.182754
 48.120002 20.079935 1.156491
 48.140002 20.094710 1.129365
 48.160002 20.108002 1.102547
 48.180002 20.120136 1.076194
 48.200002 20.132357 1.047987
 48.220002 20.143754 1.020305
 48.240002 20.154790 0.992349
 48.260002 20.164923 0.965789
 48.280002 20.176910 0.933405
 48.300002 20.187055 0.905292
 48.320002 20.197080 0.876983
 48.340002 20.208100 0.845370
 48.360002 20.218198 0.816057
 48.380002 20.226013 0.793208
 48.400002 20.233506 0.771212
 48.420002 20.241186 0.748622
 48.440002 20.249046 0.725495
 48.460002 20.258361 0.695903
 48.480002 20.267861 0.668405
 48.500002 20.276640 0.643133
 48.520002 20.284965 0.619347
 48.540002 20.296697 0.586205
 48.560002 20.309648 0.550268
 48.580002 20.321776 0.517353
 48.600002 20.332268 0.489542
 48.620002 20.341768 0.464946
 48.640002 20.350005 0.444102
 48.660002 20.355862 0.429566
 48.680002 20.362255 0.413985
 48.700002 20.370792 0.393655
 48.720002 20.378987 0.374667
 48.740002 20.387433 0.355657
 48.760002 20.397248 0.334293
 48.780002 20.408985 0.309796
 48.800002 20.419847 0.288161
 48.820002 20.432095 0.264972
 48.840002 20.443961 0.243729
 48.860002 20.453640 0.227289
 48.880002 20.464074 0.210454
 48.900002 20.476442 0.191672
 48.920002 20.487569 0.175842
 48.940002 20.498116 0.161751
 48.960002 20.509102 0.147992
 48.980002 20.520846 0.134289
 49.000002 20.533728 0.120407
 49.020002 20.548338 1.298506
 49.040002 20.562582 1.279960
 49.060002 20.577178 1.258305
 49.080002 20.592876 1.232038
 49.100002 20.613135 1.193687
 49.120002 20.632954 1.151550
 49.140002 20.654174 1.101780
 49.160002 20.679790 1.036094
 49.180002 20.704790 0.967164
 49.200002 20.728340 0.899027
 49.220002 20.750226 0.833918
 49.240002 20.772159 0.767893
 49.260002 20.794200 0.701668
 49.280002 20.815096 0.639782
 49.300002 20.835813 0.579964
 49.320002 20.855005 0.526430
 49.340002 20.874160 0.475210
 49.360002 20.893678 0.423675
 49.380002 20.914126 0.375349
 49.400002 20.935605 0.328140
 49.420002 20.960641 0.277950
 49.440002 20.987133 0.230642
 49.460002 21.012289 0.191199
 49.480002 21.035527 0.159344
 49.500002 21.059768 0.130546
 49.520002 21.080386 0.109376
 49.540002 21.099289 0.092444
 49.560002 21.117685 0.078056
 49.580002 21.139887 0.063184
 49.600002 21.160041 0.051797
 49.620002 21.180922 0.041871
 49.640002 21.203485 0.033012
 49.660002 21.227244 0.025477
 49.680002 21.248468 0.020058
 49.700002 21.269689 0.015680
 49.720002 21.289480 0.012381
 49.740002 21.308624 0.009794
 49.760002 21.328960 0.007586
 49.780002 21.349875 0.005793
 49.800002 21.368804 0.004512
 49.820002 21.387150 0.003521
 49.840002 21.405149 0.002747
 49.860002 21.421779 0.000000
 49.880002 21.435080 0.000000
 49.900002 21.447429 0.000000
 49.920002 21.459718 0.000000
 49.940002 21.475053 0.000000
 49.960002 21.491594 0.000000
 49.980002 21.509984 0.000000
 50.000002 21.528100 0.000000
 50.020002 21.546161 1.196873
 50.040002 21.562558 1.188656
 50.060002 21.580157 1.174265
 50.080002 21.597796 1.154263
 50.100002 21.614605 1.130271
 50.120002 21.629666 1.104947
 50.140002 21.644137 1.077458
 50.160002 21.657155 1.050304
 50.180002 21.669512 1.022596
 50.200002 21.681202 0.994815
 50.220002 21.690345 0.972131
 50.240002 21.700381 0.946367
 50.260002 21.711640 0.916517
 50.280002 21.723004 0.885523
 50.300002 21.735312 0.851145
 50.320002 21.745069 0.823425
 50.340002 21.754347 0.796777
 50.360002 21.763814 0.769383
 50.380002 21.773471 0.741312
 50.400002 21.782642 0.714616
 50.420002 21.791561 0.688686
 50.440002 21.799397 0.665983
 50.460002 21.809388 0.637207
 50.480002 21.819917 0.607177
 50.500002 21.831146 0.575583
 50.520002 21.843342 0.541888
 50.540002 21.857917 0.502626
 50.560002 21.871106 0.468180
 50.580002 21.884005 0.435604
 50.600002 21.899170 0.398830
 50.620002 21.913381 0.365967
 50.640002 21.925766 0.338651
 50.660002 21.938131 0.312647
 50.680002 21.949265 0.290335
 50.700002 21.957845 0.273864
 50.720002 21.966842 0.257269
 50.740002 21.977893 0.237833
 50.760002 21.988934 0.219452
 50.780002 21.999908 0.202201
 50.800002 22.014036 0.181455
 50.820002 22.027259 0.163498
 50.840002 22.037986 0.149936
 50.860002 22.050561 0.135146
 50.880002 22.062959 0.121691
 50.900002 22.072800 0.111775
 50.920002 22.081089 0.103929
 50.940002 22.088356 0.097416
 50.960002 22.095011 0.091742
 50.980002 22.099367 0.088174
 51.000002 22.105451 0.083380
 51.020002 22.113206 1.273189
 51.040002 22.121502 1.265465
 51.060002 22.130495 1.256027
 51.080002 22.141463 1.243006
 51.100002 22.154222 1.225775
 51.120002 22.165517 1.208664
 51.140002 22.178168 1.187467
 51.160002 22.191717 1.162460
 51.180002 22.201869 1.142217
 51.200002 22.212023 1.120737
 51.220002 22.222235 1.097958
 51.240002 22.234080 1.070145
 51.260002 22.246628 1.039180
 51.280002 22.257793 1.010448
 51.300002 22.266438 0.987513
 51.320002 22.273703 0.967821
 51.340002 22.279884 0.950794
 51.360002 22.287096 0.930636
 51.380002 22.294305 0.910207
 51.400002 22.303314 0.884337
 51.420002 22.314883 0.850666
 51.440002 22.325849 0.818399
 51.460002 22.336361 0.787261
 51.480002 22.345542 0.759988
 51.500002 22.356253 0.728164
 51.520002 22.366639 0.697403
 51.540002 22.377328 0.665936
 51.560002 22.390122 0.628668
 51.580002 22.401418 0.596235
 51.600002 22.410188 0.571430
 51.620002 22.419224 0.544172
 51.640002 22.428990 0.517739
 51.660002 22.436221 0.498508
 51.680002 22.445323 0.474750
 51.700002 22.457794 0.443069
 51.720002 22.473891 0.403795
 51.740002 22.489837 0.366820
 51.760002 22.505200 0.333118
 51.780002 22.515512 0.311592
 51.800002 22.525027 0.292521
 51.820002 22.534530 0.274244
 51.840002 22.544483 0.255928
 51.860002 22.554962 0.237557
 51.880002 22.566137 0.218992
 51.900002 22.581272 0.195517
 51.920002 22.596158 0.174259
 51.940002 22.608584 0.157867
 51.960002 22.621879 0.141643
 51.980002 22.638095 0.123620
 52.000002 22.651553 0.110065
 52.020002 22.664789 1.291201
 52.040002 22.679028 1.273826
 52.060002 22.690920 1.257312
 52.080002 22.699437 1.244365
 52.100002 22.709540 1.227806
 52.120002 22.719819 1.209637
 52.140002 22.730064 1.190232
 52.160002 22.741356 1.167388
 52.180002 22.756322 1.134871
 52.200002 22.774878 1.091247
 52.220002 22.792281 1.047347
 52.240002 22.809169 1.002352
 52.260002 22.825193 0.957829
 52.280002 22.841821 0.910122
 52.300002 22.858614 0.860792
 52.320002 22.874754 0.812684
 52.340002 22.890173 0.766430
 52.360002 22.905397 0.720795
 52.380002 22.920710 0.675221
 52.400002 22.935877 0.630685
 52.420002 22.949280 0.592028
 52.440002 22.963783 0.551133
 52.460002 22.980161 0.506342
 52.480002 22.995248 0.464454
 52.500002 23.009023 0.429918
 52.520002 23.022376 0.397739
 52.540002 23.038647 0.360373
 52.560002 23.054113 0.326829
 52.580002 23.067396 0.299607
 52.600002 23.079694 0.275734
 52.620002 23.093804 0.249932
 52.640003 23.107655 0.226251
 52.660003 23.121038 0.204905
 52.680003 23.133517 0.186338
 52.700003 23.144793 0.170647
 52.720003 23.154172 0.158360
 52.740003 23.160671 0.150245
 52.760003 23.167459 0.142110
 52.780003 23.177289 0.130934
 52.800003 23.188524 0.119005
 52.820003 23.199060 0.108610
 52.840003 23.208429 0.099982
 52.860003 23.218540 0.091294
 52.880003 23.228520 0.083325
 52.900003 23.239266 0.075386
 52.920003 23.251661 0.067010
 52.940003 23.264426 0.059203
 52.960003 23.278506 0.051487
 52.980003 23.293348 0.044286
 53.000003 23.306301 0.038719
 53.020003 23.321480 1.228986
 53.040003 23.334905 1.218916
 53.060003 23.346146 1.208288
 53.080003 23.358514 1.194300
 53.100003 23.370410 1.178611
 53.120003 23.382465 1.160535
 53.140003 23.394744 1.139942
 53.160003 23.407494 1.116339
 53.180003 23.420347 1.090381
 53.200003 23.431270 1.066725
 53.220003 23.442840 1.040187
 53.240003 23.454851 1.011162
 53.260003 23.468562 0.976384
 53.280003 23.482043 0.940705
 53.300003 23.493513 0.909365
 53.320003 23.505001 0.877229
 53.340003 23.517003 0.843013
 53.360003 23.529944 0.805584
 53.380003 23.542404 0.767118
 53.400003 23.553542 0.734781
 53.420003 23.564602 0.702638
 53.440003 23.577431 0.665478
 53.460003 23.589932 0.629564
 53.480003 23.602095 0.595051
 53.500003 23.610949 0.570272
 53.520003 23.620782 0.543163
 53.540003 23.629692 0.519022
 53.560003 23.637512 0.498195
 53.580003 23.647559 0.471982
 53.600003 23.661401 0.436954
 53.620003 23.677723 0.397408
 53.640003 23.697432 0.352386
 53.660003 23.716842 0.311140
 53.680003 23.734137 0.277064
 53.700003 23.749813 0.248384
 53.720003 23.764552 0.223329
 53.740003 23.780094 0.198892
 53.760003 23.798077 0.173097
 53.780003 23.816176 0.149728
 53.800003 23.832780 0.130472
 53.820003 23.849497 0.113081
 53.840003 23.863807 0.099693
 53.860003 23.877807 0.087851
 53.880003 23.889800 0.078636
 53.900003 23.902962 0.069447
 53.920003 23.917866 0.060130
 53.940003 23.932828 0.051848
 53.960003 23.948137 0.044388
 53.980003 23.961815 0.038513
 54.000003 23.975522 0.033306
 54.020003 23.987836 1.226179
 54.040003 24.000295 1.218026
 54.060003 24.011552 1.208505
 54.080003 24.022272 1.197542
 54.100003 24.034605 1.182673
 54.120003 24.047630 1.164408
 54.140003 24.059717 1.145176
 54.160003 24.072263 1.122989
 54.180003 24.086583 1.095049
 54.200003 24.099861 1.066819
 54.220003 24.112531 1.037969
 54.240003 24.124630 1.008838
 54.260003 24.137577 0.976136
 54.280003 24.149805 0.943976
 54.300003 24.161531 0.912143
 54.320003 24.172590 0.881376
 54.340003 24.184489 0.847618
 54.360003 24.194862 0.815600
 54.380003 24.204795 0.787038
 54.400003 24.216217 0.753957
 54.420003 24.230700 0.711859
 54.440003 24.245729 0.668285
 54.460003 24.258686 0.631030
 54.480003 24.270111 0.598572
 54.500003 24.281465 0.566795
 54.520003 24.293032 0.535022
 54.540003 24.302219 0.510279
 54.560003 24.314061 0.479115
 54.580003 24.325369 0.450187
 54.600003 24.335463 0.425110
 54.620003 24.347690 0.395730
 54.640003 24.361622 0.363661
 54.660003 24.375556 0.333149
 54.680003 24.366179 0.353507
 54.700003 24.352650 0.384139
 54.720003 24.340572 0.412696
 54.740003 24.329650 0.439463
 54.760003 24.318582 0.467448
 54.780003 24.305881 0.500552
 54.800003 24.291573 0.538992
 54.820003 24.276689 0.580095
 54.840003 24.260965 0.624522
 54.860003 24.241788 0.679683
 54.880003 24.220493 0.741532
 54.900003 24.201433 0.796732
 54.920003 24.179414 0.862088
 54.940003 24.156272 0.926529
 54.960003 24.138481 0.973798
 54.980003 24.125096 1.007688
 55.000003 24.111195 1.041096
 55.020003 24.097404 2.223686
 55.040003 24.084797 2.245504
 55.060003 24.070519 2.264276
 55.080003 24.053040 2.278517
 55.100003 24.034898 2.283052
 55.120003 24.016082 2.276818
 55.140003 23.996084 2.258306
 55.160003 23.977712 2.230991
 55.180003 23.959389 2.194557
 55.200003 23.941069 2.149730
 55.220003 23.922693 2.097246
 55.240003 23.907145 2.047723
 55.260003 23.891265 1.993059
 55.280003 23.874185 1.930535
 55.300003 23.857356 1.866099
 55.320003 23.839821 1.797028
 55.340003 23.824693 1.736693
 55.360003 23.809493 1.676115
 55.380003 23.795927 1.622645
 55.400003 23.782147 1.569417
 55.420003 23.766697 1.511605
 55.440003 23.750210 1.452747
 55.460003 23.734546 1.400133
 55.480003 23.722070 1.360877
 55.500003 23.711080 1.328428
 55.520003 23.702471 1.304497
 55.540003 23.693288 1.280472
 55.560003 23.685338 1.260970
 55.580003 23.675956 1.239540
 55.600003 23.665173 1.217080
 55.620003 23.654074 1.196420
 55.640003 23.642848 1.178080
 55.660003 23.629673 1.159831
 55.680003 23.616070 1.144653
 55.700003 23.602088 1.132832
 55.720003 23.587130 1.124257
 55.740003 23.571652 1.119553
 55.760003 23.556360 1.118744
 55.780003 23.541585 1.121226
 55.800003 23.531645 1.126941
 55.820003 23.521814 1.131675
 55.840003 23.509005 1.139389
 55.860003 23.494375 1.150002
 55.880003 23.481704 1.160421
 55.900003 23.469980 1.170814
 55.920003 23.456808 1.183059
 55.940003 23.444250 1.195011
 55.960003 23.430861 1.207738
 55.980003 23.418368 1.219325
 56.000003 23.407191 1.229251
 56.020003 23.398381 2.380935
 56.040003 23.390501 2.385359
 56.060003 23.383995 2.387856
 56.080003 23.375979 2.389463
 56.100003 23.368074 2.389426
 56.120003 23.360378 2.387819
 56.140003 23.353422 2.385018
 56.160003 23.340694 2.376552
 56.180003 23.328184 2.364016
 56.200003 23.316624 2.348746
 56.220003 23.304666 2.329294
 56.240003 23.294092 2.309077
 56.260003 23.283144 2.285266
 56.280003 23.273619 2.262267
 56.300003 23.264245 2.237658
 56.320003 23.255432 2.212830
 56.340003 23.248816 2.193176
 56.360003 23.239695 2.164735
 56.380003 23.228166 2.126728
 56.400003 23.215714 2.081497
 56.420003 23.203618 2.037730
 56.440003 23.191018 1.990404
 56.460003 23.176238 1.933158
 56.480003 23.159699 1.867652
 56.500003 23.145682 1.811601
 56.520003 23.132743 1.759933
 56.540003 23.120785 1.712628
 56.560003 23.109290 1.667863
 56.580003 23.096707 1.619985
 56.600003 23.084139 1.571594
 56.620003 23.073931 1.535587
 56.640003 23.063196 1.499148
 56.660003 23.052238 1.463628
 56.680003 23.042481 1.433561
 56.700003 23.033590 1.407529
 56.720003 23.022838 1.377882
 56.740003 23.010246 1.345842
 56.760003 22.996810 1.314965
 56.780003 22.986064 1.295218
 56.800003 22.975259 1.275620
 56.820003 22.961858 1.254600
 56.840003 22.948583 1.237346
 56.860003 22.938183 1.226272
 56.880003 22.927463 1.217050
 56.900003 22.916750 1.209991
 56.920003 22.908533 1.205984
 56.940003 22.898032 1.202568
 56.960003 22.886267 1.200893
 56.980003 22.872631 1.201591
 57.000003 22.859561 1.204679
 57.020003 22.845912 2.354490
 57.040003 22.831723 2.356887
 57.060003 22.815860 2.357366
 57.080003 22.798613 2.354806
 57.100003 22.781074 2.348475
 57.120003 22.762610 2.337347
 57.140003 22.746006 2.323182
 57.160003 22.729950 2.305611
 57.180003 22.715651 2.286724
 57.200003 22.701154 2.264491
 57.220003 22.688128 2.241930
 57.240003 22.675717 2.218251
 57.260003 22.662730 2.191313
 57.280003 22.648760 2.160046
 57.300003 22.636357 2.130477
 57.320003 22.624410 2.100558
 57.340003 22.612145 2.068570
 57.360003 22.599748 2.035132
 57.380003 22.586192 1.997567
 57.400003 22.573407 1.961442
 57.420003 22.563183 1.932252
 57.440003 22.553187 1.903592
 57.460003 22.543188 1.874936
 57.480003 22.532453 1.844330
 57.500003 22.522385 1.813721
 57.520003 22.510427 1.780824
 57.540003 22.499793 1.752153
 57.560003 22.488336 1.722045
 57.580003 22.479020 1.698266
 57.600003 22.468127 1.671368
 57.620003 22.458267 1.647953
 57.640003 22.448733 1.626230
 57.660003 22.438398 1.603766
 57.680003 22.429029 1.584425
 57.700003 22.419349 1.563296
 57.720003 22.409368 1.547656
 57.740003 22.396102 1.525979
 57.760003 22.382188 1.505594
 57.780003 22.370178 1.489942
 57.800003 22.356696 1.474492
 57.820003 22.340424 1.458742
 57.840003 22.326744 1.447836
 57.860003 22.312211 1.438423
 57.880003 22.297233 1.430858
 57.900003 22.281734 1.425044
 57.920003 22.267365 1.421219
 57.940003 22.255757 1.419041
 57.960003 22.242566 1.417359
 57.980003 22.229535 1.416323
 58.000003 22.216905 1.415714
 58.020003 22.204345 2.550734
 58.040003 22.191252 2.545803
 58.060003 22.176596 2.536452
 58.080003 22.163882 2.524951
 58.100003 22.150278 2.509089
 58.120003 22.137279 2.490481
 58.140003 22.122522 2.465305
 58.160003 22.108539 2.437568
 58.180003 22.096214 2.410109
 58.200003 22.084843 2.382399
 58.220003 22.072476 2.349827
 58.240003 22.060491 2.316022
 58.260003 22.050907 2.287544
 58.280003 22.040605 2.255638
 58.300003 22.028334 2.216094
 58.320003 22.014042 2.168264
 58.340003 22.000917 2.123036
 58.360003 21.989103 2.081563
 58.380003 21.979076 2.046009
 58.400003 21.970740 2.014263
 58.420003 21.963344 1.988123
 58.440003 21.955600 1.960794
 58.460003 21.948098 1.934431
 58.480003 21.939326 1.903836
 58.500003 21.930360 1.872926
 58.520003 21.922996 1.847887
 58.540003 21.917971 1.831013
 58.560003 21.911291 1.808882
 58.580003 21.904461 1.786647
 58.600003 21.897495 1.764417
 58.620003 21.891033 1.744239
 58.640003 21.885393 1.726995
 58.660003 21.877384 1.703142
 58.680003 21.867425 1.674580
 58.700003 21.857612 1.647703
 58.720003 21.848716 1.624480
 58.740003 21.838076 1.598188
 58.760003 21.827119 1.572858
 58.780003 21.816176 1.549360
 58.800003 21.805399 1.527995
 58.820003 21.793016 1.505620
 58.840003 21.780283 1.484996
 58.860003 21.766160 1.462602
 58.880003 21.752927 1.446614
 58.900003 21.739489 1.432614
 58.920003 21.729024 1.423151
 58.940003 21.719445 1.415498
 58.960003 21.707369 1.407085
 58.980003 21.695065 1.399749
 59.000003 21.685032 1.394542
 59.020003 21.674429 2.526405
 59.040003 21.665453 2.520189
 59.060003 21.656748 2.513017
 59.080003 21.647205 2.503780
 59.100003 21.633808 2.488222
 59.120003 21.619870 2.468625
 59.140003 21.610249 2.452964
 59.160003 21.601978 2.438057
 59.180003 21.594106 2.422603
 59.200003 21.585709 2.404733
 59.220003 21.577476 2.385810
 59.240003 21.567826 2.361848
 59.260003 21.559015 2.338280
 59.280003 21.552117 2.318710
 59.300003 21.544570 2.296174
 59.320003 21.535374 2.267141
 59.340003 21.527000 2.239222
 59.360003 21.519425 2.212777
 59.380003 21.510908 2.181717
 59.400003 21.502765 2.150750
 59.420003 21.494984 2.120027
 59.440003 21.487267 2.088507
 59.460003 21.475492 2.038492
 59.480003 21.464748 1.990946
 59.500003 21.456319 1.952463
 59.520003 21.445885 1.903494
 59.540003 21.434619 1.849114
 59.560003 21.423886 1.796013
 59.580003 21.417149 1.764432
 59.600003 21.409338 1.724912
 59.620003 21.400707 1.680747
 59.640003 21.391385 1.632556
 59.660003 21.382234 1.584874
 59.680003 21.372826 1.535586
 59.700003 21.363945 1.488913
 59.720003 21.355654 1.445304
 59.740003 21.345595 1.392478
 59.760003 21.336154 1.343094
 59.780003 21.327823 1.297739
 59.800003 21.317286 1.243707
 59.820003 21.305863 1.185849
 59.840003 21.294640 1.129928
 59.860003 21.284339 1.079548
 59.880003 21.275383 1.036594
 59.900003 21.263420 0.980588
 59.920003 21.254447 0.939714
 59.940003 21.246333 0.903649
 59.960003 21.236878 0.862771
 59.980003 21.225193 0.814064
 60.000003 21.214498 0.769251
 60.020003 21.203807 1.892899
 60.040003 21.193640 1.853112
 60.060003 21.184606 1.817649
 60.080003 21.174605 1.778346
 60.100003 21.160857 1.724384
 60.120003 21.146466 1.668179
 60.140003 21.131773 1.611355
 60.160003 21.118524 1.560819
 60.180003 21.107219 1.518381
 60.200003 21.095752 1.476120
 60.220003 21.083232 1.431038
 60.240003 21.071255 1.389100
 60.260003 21.059489 1.349181
 60.280003 21.049685 1.316995
 60.300003 21.038357 1.281133
 60.320003 21.025158 1.241294
 60.340003 21.011499 1.202457
 60.360003 20.998981 1.169161
 60.380003 20.987461 1.140577
 60.400003 20.975183 1.112396
 60.420003 20.964258 1.089380
 60.440003 20.952064 1.066059
 60.460003 20.940045 1.045587
 60.480003 20.930645 1.031347
 60.500003 20.921520 1.019030
 60.520003 20.911823 1.007579
 60.540003 20.901409 0.997163
 60.560003 20.892001 0.989427
 60.580003 20.880136 0.984278
 60.600003 20.866301 0.979132
 60.620003 20.853228 0.977350
 60.640003 20.839079 0.978682
 60.660003 20.824604 0.983393
 60.680003 20.810487 0.991058
 60.700003 20.800052 0.996380
 60.720003 20.792204 1.003192
 60.740003 20.783141 1.011983
 60.760003 20.773901 1.021899
 60.780003 20.764888 1.032424
 60.800003 20.756712 1.042635
 60.820003 20.750314 1.051028
 60.840003 20.745268 1.057876
 60.860003 20.740587 1.064393
 60.880003 20.734666 1.072849
 60.900003 20.727529 1.083323
 60.920003 20.721180 1.092865
 60.940003 20.712164 1.106722
 60.960003 20.701258 1.123854
 60.980003 20.690860 1.140434
 61.000003 20.681411 1.155602
 61.020003 20.670977 2.319546
 61.040003 20.660739 2.332930
 61.060003 20.649091 2.345550
 61.080003 20.637823 2.352894
 61.100003 20.625294 2.360482
 61.120003 20.613085 2.364428
 61.140003 20.603266 2.365109
 61.160003 20.593725 2.363636
 61.180003 20.584357 2.360155
 61.200003 20.575903 2.355298
 61.220003 20.567368 2.348770
 61.240003 20.559110 2.340931
 61.260003 20.547867 2.327912
 61.280003 20.534800 2.309520
 61.300003 20.522192 2.288632
 61.320003 20.507073 2.259825
 61.340003 20.490159 2.223226
 61.360003 20.472936 2.181872
 61.380003 20.456751 2.139920
 61.400003 20.441606 2.098541
 61.420003 20.428137 2.060471
 61.440003 20.414449 2.020978
 61.460003 20.400686 1.980853
 61.480003 20.386781 1.940300
 61.500003 20.374624 1.905132
 61.520003 20.361662 1.868226
 61.540003 20.348428 1.831455
 61.560003 20.336732 1.799930
 61.580003 20.326173 1.770281
 61.600003 20.315596 1.743989
 61.620003 20.304691 1.717970
 61.640003 20.294147 1.693947
 61.660003 20.283229 1.670314
 61.680003 20.272087 1.647548
 61.700003 20.261615 1.627425
 61.720003 20.253221 1.614590
 61.740003 20.244012 1.599125
 61.760003 20.232636 1.581386
 61.780003 20.220541 1.564146
 61.800003 20.209121 1.549341
 61.820003 20.197768 1.535975
 61.840003 20.183915 1.521362
 61.860003 20.170310 1.508662
 61.880003 20.158679 1.498952
 61.900003 20.148278 1.491052
 61.920003 20.137606 1.483603
 61.940003 20.126546 1.476467
 61.960003 20.114530 1.469239
 61.980003 20.101340 1.461745
 62.000003 20.086455 1.453582
 62.020003 20.072119 2.579096
 62.040003 20.060149 2.567992
 62.060003 20.047616 2.553315
 62.080003 20.033397 2.532786
 62.100003 20.021096 2.511659
 62.120003 20.011247 2.492492
 62.140003 20.000166 2.468558
 62.160003 19.987067 2.437097
 62.180003 19.973229 2.400268
 62.200003 19.961615 2.366650
