#! FIELDS time d1 sigma_d1 height biasf
#! SET multivariate false
#! SET kerneltype gaussian
      1.000000047497451       2.45137181217696                   0.25      1.333333333333333                     10
      2.000000094994903      2.279553566009152                   0.25      1.285955594443203                     10
      3.000000142492354      2.055685046297836                   0.25      1.277614480716896                     10
      4.000000189989805      1.776731208319397                   0.25      1.293143328656073                     10
      5.000000237487257      1.461341643174559                   0.25      1.303197063062344                     10
      6.000000284984708     0.9986987361763429                   0.25      1.322138765071137                     10
      7.000000332482159     0.4924091479219202                   0.25      1.325562524174935                     10
       8.00000037997961     0.1687447960085059                   0.25      1.307079803118717                     10
      9.000000427477062     0.5518703715283317                   0.25      1.246478579275376                     10
      10.00000047497451     0.9579179947828583                   0.25      1.242264987246434                     10
      11.00000052247196      1.349428867727235                   0.25       1.22893285973394                     10
      12.00000056996942      1.864716009158107                   0.25      1.199256989600878                     10
      13.00000061746687      2.276357227490864                   0.25       1.17470970542772                     10
      14.00000066496432      2.717040362269983                   0.25      1.273904595188582                     10
      15.00000071246177      2.643022429511039                   0.25      1.196367978126673                     10
      16.00000075995922      2.712817723823996                   0.25      1.170813908360822                     10
      17.00000080745667      2.716479222870814                   0.25      1.125880063307852                     10
      18.00000085495412      3.004274966535099                   0.25      1.227566470111086                     10
      19.00000090245157      3.517323949416966                   0.25       1.32543267535319                     10
      20.00000094994903      4.002959002550502                   0.25      1.324160594043584                     10
      21.00000099744648      4.332833035807758                   0.25       1.30787807860985                     10
      22.00000104494393      4.766080686421018                   0.25      1.319481594066938                     10
      23.00000109244138      5.350876987152557                   0.25      1.329419357832403                     10
      24.00000113993883      5.942633274229061                   0.25      1.329639630490527                     10
      25.00000118743628        6.3958379342198                   0.25      1.321604903419197                     10
      26.00000123493373      6.923820038765828                   0.25      1.326838782278184                     10
      27.00000128243119      7.394658035573203                   0.25      1.323054335501793                     10
      28.00000132992864      7.963133681058881                   0.25      1.328772107077553                     10
      29.00000137742609      8.540159163584388                   0.25      1.329097096819762                     10
      30.00000142492354      9.124376293120653                   0.25      1.329369497320721                     10
      31.00000147242099      9.772034064879326                   0.25      1.331210182408257                     10
      32.00000151991844      10.38365653257635                   0.25      1.330277772687586                     10
      33.00000156741589      10.92273600383731                   0.25      1.327385792640869                     10
      34.00000161491334      11.48574312144018                   0.25      1.328525398898567                     10
       35.0000016624108      11.87571248618049                   0.25      1.315422882780825                     10
      36.00000170990825      12.34619016750167                   0.25      1.322953144134948                     10
       37.0000017574057      12.89888060520945                   0.25      1.328080133174677                     10
      38.00000180490315      13.43999556234941                   0.25      1.327498899501568                     10
       39.0000018524006      14.03178466414032                   0.25      1.329646103188727                     10
      40.00000189989805      14.86979357794063                   0.25      1.333112105842364                     10
       41.0000019473955      15.45742926467589                   0.25      1.329482757297437                     10
      42.00000199489295      16.03498751414902                   0.25      1.329115608252172                     10
      43.00000204239041      16.75613493455536                   0.25      1.332383618364071                     10
      44.00000208988786       17.4852356739591                   0.25      1.332465175107357                     10
      45.00000213738531      18.20026687461004                   0.25      1.332311939108298                     10
      46.00000218488276       18.7704502785781                   0.25      1.328811025343102                     10
      47.00000223238021      19.37193617974578                   0.25      1.329968370224299                     10
      48.00000227987766       19.9978625427819                   0.25       1.33068331115203                     10
      49.00000232737511      20.53372770133936                   0.25      1.327217622698555                     10
      50.00000237487257       21.5281002548145                   0.25      1.333333333333333                     10
      51.00000242237002      22.10545073238571                   0.25      1.329095296986165                     10
      52.00000246986747       22.6515531904527                   0.25       1.32774180442944                     10
      53.00000251736492      23.30630083866021                   0.25      1.331363670073074                     10
      54.00000256486237       23.9755223364661                   0.25      1.331638835247908                     10
      55.00000261235982      24.11119485274902                   0.25       1.28137185978751                     10
      56.00000265985727      23.40719077455617                   0.25      1.272199351594673                     10
      57.00000270735472      22.85956057580665                   0.25      1.273393502344862                     10
      58.00000275485218      22.21690501885814                   0.25      1.263174108391633                     10
      59.00000280234963      21.68503165964841                   0.25      1.264195681324831                     10
      60.00000284984708      21.21449845821116                   0.25      1.294741095090854                     10
      61.00000289734453      20.68141117081713                   0.25      1.275781883641145                     10
      62.00000294484198      20.08645540637457                   0.25      1.261349073598234                     10
