RGP - count-left-right.py
12428
 3263co2     Co    1   1.221   3.321  25.831     
 3263co2     Oc    2   1.185   3.339  25.938     
 3263co2     Oc    3   1.262   3.330  25.725     
 3264co2     Co    4   3.506   4.141  30.105    2
 3264co2     Oc    5   3.578   4.161  30.195    2
 3264co2     Oc    6   3.429   4.117  30.015    2
 3265co2     Co    7   1.922   2.738   8.626    0
 3265co2     Oc    8   1.956   2.631   8.605    0
 3265co2     Oc    9   1.898   2.850   8.649    0
 3266co2     Co   10   3.535   0.422  16.831    1
 3266co2     Oc   11   3.573   0.531  16.844    1
 3266co2     Oc   12   3.495   0.311  16.828    1
 3267co2     Co   13   3.507   1.013  22.993    1
 3267co2     Oc   14   3.396   1.031  22.974    1
 3267co2     Oc   15   3.625   0.996  22.993    1
 3268co2     Co   16   1.532   0.595   2.170    0
 3268co2     Oc   17   1.566   0.628   2.068    0
 3268co2     Oc   18   1.474   0.562   2.260    0
 3269co2     Co   19   0.268   3.579   0.947    0
 3269co2     Oc   20   0.356   3.657   0.956    0
 3269co2     Oc   21   0.203   3.485   0.938    0
 3270co2     Co   22   1.577   4.148  18.671    1
 3270co2     Oc   23   1.519   4.084  18.741    1
 3270co2     Oc   24   1.645   4.209  18.594    1
 3271co2     Co   25   1.851   1.738  28.958    2
 3271co2     Oc   26   1.938   1.675  28.903    2
 3271co2     Oc   27   1.766   1.801  29.011    2
 3272co2     Co   28   3.124   0.986  28.923    2
 3272co2     Oc   29   3.214   1.001  28.856    2
 3272co2     Oc   30   3.026   0.973  28.989    2
 3273co2     Co   31   1.285   3.234  21.886    2
 3273co2     Oc   32   1.362   3.292  21.944    2
 3273co2     Oc   33   1.218   3.171  21.813    2
 3274co2     Co   34   2.233   1.852  18.538    1
 3274co2     Oc   35   2.322   1.844  18.613    1
 3274co2     Oc   36   2.134   1.841  18.470    1
 3275co2     Co   37   0.437   4.242   4.866    0
 3275co2     Oc   38   0.389   4.281   4.968    0
 3275co2     Oc   39   0.486   4.195   4.770    0
 3276co2     Co   40   0.141   0.336  43.686    0
 3276co2     Oc   41   0.160   0.320  43.574    0
 3276co2     Oc   42   0.121   0.345  43.803    0
 3277co2     Co   43   2.953   0.028  39.538    0
 3277co2     Oc   44   2.923   0.139  39.542    0
 3277co2     Oc   45   3.014   4.427  39.536    0
 3278co2     Co   46   3.053   0.211  41.469    0
 3278co2     Oc   47   3.115   0.215  41.566    0
 3278co2     Oc   48   3.012   0.200  41.366    0
 3279co2     Co   49   1.997   0.474   4.610    0
 3279co2     Oc   50   2.068   0.525   4.532    0
 3279co2     Oc   51   1.923   0.410   4.681    0
 3280co2     Co   52   1.232   1.877  18.538    1
 3280co2     Oc   53   1.331   1.942  18.566    1
 3280co2     Oc   54   1.130   1.824  18.517    1
 3281co2     Co   55   2.140   2.892  31.129    2
 3281co2     Oc   56   2.044   2.961  31.127    2
 3281co2     Oc   57   2.225   2.811  31.127    2
 3282co2     Co   58   3.325   1.819  29.804    2
 3282co2     Oc   59   3.355   1.902  29.881    2
 3282co2     Oc   60   3.291   1.739  29.727    2
 3283co2     Co   61   0.347   2.080   6.905    0
 3283co2     Oc   62   0.441   2.060   6.832    0
 3283co2     Oc   63   0.263   2.100   6.982    0
 3284co2     Co   64   1.668   1.843  18.008    1
 3284co2     Oc   65   1.780   1.803  18.029    1
 3284co2     Oc   66   1.557   1.889  18.000    1
 3285co2     Co   67   3.495   1.941  31.911    0
 3285co2     Oc   68   3.429   1.938  31.814    0
 3285co2     Oc   69   3.565   1.940  32.005    0
 3286co2     Co   70   3.459   1.910  17.832    1
 3286co2     Oc   71   3.568   1.906  17.800    1
 3286co2     Oc   72   3.350   1.920  17.859    1
 3287co2     Co   73   3.248   0.576   0.269    0
 3287co2     Oc   74   3.342   0.543   0.212    0
 3287co2     Oc   75   3.148   0.609   0.328    0
 3288co2     Co   76   0.523   4.159  18.147    1
 3288co2     Oc   77   0.425   4.188  18.086    1
 3288co2     Oc   78   0.620   4.127  18.197    1
 3289co2     Co   79   2.446   1.971  38.714    0
 3289co2     Oc   80   2.490   2.077  38.732    0
 3289co2     Oc   81   2.409   1.866  38.687    0
 3290co2     Co   82   1.892   4.154  17.236    1
 3290co2     Oc   83   1.924   4.180  17.131    1
 3290co2     Oc   84   1.866   4.117  17.341    1
 3291co2     Co   85   2.339   0.123  19.785    1
 3291co2     Oc   86   2.222   0.143  19.780    1
 3291co2     Oc   87   2.452   0.106  19.780    1
 3292co2     Co   88   0.690   0.734   0.598    0
 3292co2     Oc   89   0.694   0.711   0.710    0
 3292co2     Oc   90   0.694   0.755   0.485    0
 3293co2     Co   91   1.818   4.482  28.009    0
 3293co2     Oc   92   1.772   4.498  27.903    0
 3293co2     Oc   93   1.865   4.489  28.117    0
 3294co2     Co   94   1.979   4.109  30.425    2
 3294co2     Oc   95   1.869   4.134  30.398    2
 3294co2     Oc   96   2.093   4.093  30.435    2
 3295co2     Co   97   3.576   4.114  18.361    1
 3295co2     Oc   98   3.474   4.148  18.415    1
 3295co2     Oc   99   3.665   4.084  18.295    1
 3296co2     Co  100   1.905   4.086  17.988    1
 3296co2     Oc  101   2.003   4.100  18.045    1
 3296co2     Oc  102   1.800   4.082  17.934    1
 3297co2     Co  103   0.493   4.164  31.963    0
 3297co2     Oc  104   0.448   4.118  31.866    0
 3297co2     Oc  105   0.534   4.218  32.050    0
 3298co2     Co  106   2.891   1.549  24.073    0
 3298co2     Oc  107   2.903   1.444  24.113    0
 3298co2     Oc  108   2.902   1.658  24.035    0
 3299co2     Co  109   1.316   1.870  30.988    2
 3299co2     Oc  110   1.339   1.817  31.089    2
 3299co2     Oc  111   1.308   1.932  30.894    2
 3300co2     Co  112   0.418   1.882  30.183    2
 3300co2     Oc  113   0.341   1.873  30.101    2
 3300co2     Oc  114   0.497   1.906  30.259    2
 3301co2     Co  115   2.510   3.443   9.676    0
 3301co2     Oc  116   2.623   3.473   9.684    0
 3301co2     Oc  117   2.406   3.409   9.636    0
 3302co2     Co  118   2.089   2.927  19.378    1
 3302co2     Oc  119   2.167   2.980  19.449    1
 3302co2     Oc  120   2.020   2.875  19.300    1
 3303co2     Co  121   1.442   0.884  31.977    0
 3303co2     Oc  122   1.368   0.799  31.985    0
 3303co2     Oc  123   1.516   0.971  31.971    0
 3304co2     Co  124   1.897   1.361  29.576    2
 3304co2     Oc  125   1.895   1.297  29.480    2
 3304co2     Oc  126   1.905   1.411  29.679    2
 3305co2     Co  127   2.444   4.473  44.661    0
 3305co2     Oc  128   2.511   0.061  44.691    0
 3305co2     Oc  129   2.393   4.373  44.629    0
 3306co2     Co  130   1.961   0.256  20.523    0
 3306co2     Oc  131   2.007   0.164  20.569    0
 3306co2     Oc  132   1.902   0.343  20.475    0
 3307co2     Co  133   0.335   1.846  17.250    1
 3307co2     Oc  134   0.360   1.904  17.154    1
 3307co2     Oc  135   0.331   1.781  17.352    1
 3308co2     Co  136   2.215   0.484  23.725    1
 3308co2     Oc  137   2.227   0.564  23.806    1
 3308co2     Oc  138   2.215   0.421  23.630    1
 3309co2     Co  139   2.238   4.186  30.890    2
 3309co2     Oc  140   2.304   4.200  30.985    2
 3309co2     Oc  141   2.181   4.167  30.784    2
 3310co2     Co  142   0.229   4.158  17.743    1
 3310co2     Oc  143   0.119   4.166  17.749    1
 3310co2     Oc  144   0.343   4.146  17.734    1
 3311co2     Co  145   2.510   1.385  22.291    1
 3311co2     Oc  146   2.555   1.282  22.274    1
 3311co2     Oc  147   2.481   1.492  22.308    1
 3312co2     Co  148   1.586   0.983  12.720    0
 3312co2     Oc  149   1.565   0.955  12.830    0
 3312co2     Oc  150   1.587   1.010  12.603    0
 3313co2     Co  151   1.573   4.102  31.895    0
 3313co2     Oc  152   1.477   4.119  31.838    0
 3313co2     Oc  153   1.674   4.083  31.947    0
 3314co2     Co  154   2.788   4.163  17.683    1
 3314co2     Oc  155   2.702   4.185  17.755    1
 3314co2     Oc  156   2.875   4.143  17.608    1
 3315co2     Co  157   0.356   4.073  18.530    1
 3315co2     Oc  158   0.412   4.083  18.431    1
 3315co2     Oc  159   0.320   4.064  18.641    1
 3316co2     Co  160   2.165   1.864  17.398    1
 3316co2     Oc  161   2.159   1.858  17.288    1
 3316co2     Oc  162   2.169   1.851  17.514    1
 3317co2     Co  163   0.352   1.881  17.684    1
 3317co2     Oc  164   0.425   1.904  17.596    1
 3317co2     Oc  165   0.287   1.862  17.772    1
 3318co2     Co  166   0.358   3.454  19.196    1
 3318co2     Oc  167   0.362   3.446  19.308    1
 3318co2     Oc  168   0.339   3.451  19.079    1
 3319co2     Co  169   2.635   1.877  31.620    0
 3319co2     Oc  170   2.604   1.884  31.729    0
 3319co2     Oc  171   2.673   1.876  31.510    0
 3320co2     Co  172   3.303   2.505  38.649    0
 3320co2     Oc  173   3.398   2.458  38.606    0
 3320co2     Oc  174   3.214   2.548  38.704    0
 3321co2     Co  175   1.892   2.791  32.121    0
 3321co2     Oc  176   1.901   2.676  32.125    0
 3321co2     Oc  177   1.896   2.902  32.106    0
 3322co2     Co  178   2.577   0.725  17.644    1
 3322co2     Oc  179   2.480   0.763  17.696    1
 3322co2     Oc  180   2.666   0.674  17.601    1
 3323co2     Co  181   0.723   1.885  17.788    1
 3323co2     Oc  182   0.824   1.932  17.751    1
 3323co2     Oc  183   0.621   1.840  17.825    1
 3324co2     Co  184   1.167   1.907  17.174    1
 3324co2     Oc  185   1.095   1.856  17.255    1
 3324co2     Oc  186   1.229   1.950  17.087    1
 3325co2     Co  187   1.443   4.094  17.892    1
 3325co2     Oc  188   1.525   4.104  17.818    1
 3325co2     Oc  189   1.357   4.087  17.970    1
 3326co2     Co  190   2.494   4.144  17.545    1
 3326co2     Oc  191   2.418   4.164  17.635    1
 3326co2     Oc  192   2.577   4.117  17.469    1
 3327co2     Co  193   0.181   3.299  33.805    0
 3327co2     Oc  194   0.289   3.316  33.848    0
 3327co2     Oc  195   0.076   3.274  33.767    0
 3328co2     Co  196   1.806   3.991  14.056    0
 3328co2     Oc  197   1.706   3.938  14.038    0
 3328co2     Oc  198   1.905   4.058  14.045    0
 3329co2     Co  199   3.618   1.913   7.093    0
 3329co2     Oc  200   3.657   1.813   7.137    0
 3329co2     Oc  201   3.578   2.019   7.069    0
 3330co2     Co  202   0.118   1.675  46.532    0
 3330co2     Oc  203   0.102   1.715  46.640    0
 3330co2     Oc  204   0.143   1.626  46.429    0
 3331co2     Co  205   0.346   1.841  18.294    1
 3331co2     Oc  206   0.237   1.834  18.332    1
 3331co2     Oc  207   0.453   1.820  18.270    1
 3332co2     Co  208   0.191   0.665  44.218    0
 3332co2     Oc  209   0.206   0.561  44.268    0
 3332co2     Oc  210   0.184   0.763  44.152    0
 3333co2     Co  211   0.791   3.121  11.020    0
 3333co2     Oc  212   0.832   3.030  11.084    0
 3333co2     Oc  213   0.749   3.198  10.950    0
 3334co2     Co  214   0.679   3.446   3.946    0
 3334co2     Oc  215   0.658   3.556   3.933    0
 3334co2     Oc  216   0.707   3.333   3.959    0
 3335co2     Co  217   1.546   4.292  45.276    0
 3335co2     Oc  218   1.659   4.296  45.294    0
 3335co2     Oc  219   1.436   4.297  45.271    0
 3336co2     Co  220   3.293   4.192  16.821    1
 3336co2     Oc  221   3.380   4.184  16.900    1
 3336co2     Oc  222   3.200   4.187  16.751    1
 3337co2     Co  223   0.852   1.061  16.830    1
 3337co2     Oc  224   0.882   1.126  16.923    1
 3337co2     Oc  225   0.822   1.011  16.736    1
 3338co2     Co  226   1.287   2.933  22.073    1
 3338co2     Oc  227   1.378   2.892  22.013    1
 3338co2     Oc  228   1.194   2.967  22.133    1
 3339co2     Co  229   3.292   1.457  36.005    0
 3339co2     Oc  230   3.252   1.468  35.892    0
 3339co2     Oc  231   3.314   1.423  36.113    0
 3340co2     Co  232   1.122   2.328  44.168    0
 3340co2     Oc  233   1.024   2.363  44.221    0
 3340co2     Oc  234   1.214   2.275  44.113    0
 3341co2     Co  235   1.083   0.485  16.915    1
 3341co2     Oc  236   1.018   0.576  16.889    1
 3341co2     Oc  237   1.154   0.394  16.954    1
 3342co2     Co  238   2.451   2.783  16.265    0
 3342co2     Oc  239   2.468   2.796  16.378    0
 3342co2     Oc  240   2.429   2.781  16.153    0
 3343co2     Co  241   2.444   4.101  18.404    1
 3343co2     Oc  242   2.547   4.128  18.374    1
 3343co2     Oc  243   2.337   4.090  18.444    1
 3344co2     Co  244   2.941   0.046  21.162    1
 3344co2     Oc  245   2.890   0.150  21.180    1
 3344co2     Oc  246   2.990   4.447  21.140    1
 3345co2     Co  247   3.580   3.242  35.126    0
 3345co2     Oc  248   3.496   3.292  35.070    0
 3345co2     Oc  249   3.679   3.209  35.187    0
 3346co2     Co  250   2.664   3.133  39.416    0
 3346co2     Oc  251   2.630   3.074  39.519    0
 3346co2     Oc  252   2.685   3.207  39.333    0
 3347co2     Co  253   2.445   1.902  17.698    1
 3347co2     Oc  254   2.430   1.910  17.815    1
 3347co2     Oc  255   2.471   1.908  17.585    1
 3348co2     Co  256   1.525   0.269  26.720    1
 3348co2     Oc  257   1.513   0.370  26.669    1
 3348co2     Oc  258   1.522   0.168  26.776    1
 3349co2     Co  259   0.572   2.610  19.145    1
 3349co2     Oc  260   0.553   2.656  19.249    1
 3349co2     Oc  261   0.595   2.558  19.042    1
 3350co2     Co  262   0.278   1.915  32.019    0
 3350co2     Oc  263   0.385   1.874  32.038    0
 3350co2     Oc  264   0.169   1.957  31.999    0
 3351co2     Co  265   2.600   4.140  17.135    1
 3351co2     Oc  266   2.542   4.202  17.060    1
 3351co2     Oc  267   2.695   4.089  17.188    1
 3352co2     Co  268   2.635   4.125  30.892    2
 3352co2     Oc  269   2.595   4.100  30.787    2
 3352co2     Oc  270   2.676   4.154  30.993    2
 3353co2     Co  271   1.896   1.881  31.565    0
 3353co2     Oc  272   1.813   1.937  31.505    0
 3353co2     Oc  273   1.988   1.829  31.611    0
 3354co2     Co  274   0.347   1.550  10.562    0
 3354co2     Oc  275   0.372   1.436  10.555    0
 3354co2     Oc  276   0.330   1.666  10.575    0
 3355co2     Co  277   0.754   3.041  31.083    2
 3355co2     Oc  278   0.762   3.111  30.986    2
 3355co2     Oc  279   0.746   2.972  31.170    2
 3356co2     Co  280   1.037   1.166  17.351    1
 3356co2     Oc  281   1.139   1.138  17.305    1
 3356co2     Oc  282   0.942   1.215  17.397    1
 3357co2     Co  283   1.693   3.532   5.721    0
 3357co2     Oc  284   1.701   3.444   5.648    0
 3357co2     Oc  285   1.684   3.627   5.792    0
 3358co2     Co  286   1.604   4.154  31.145    2
 3358co2     Oc  287   1.585   4.140  31.257    2
 3358co2     Oc  288   1.639   4.150  31.033    2
 3359co2     Co  289   0.857   4.358  47.912    0
 3359co2     Oc  290   0.820   4.457  47.964    0
 3359co2     Oc  291   0.899   4.266  47.857    0
 3360co2     Co  292   0.972   4.180  18.014    1
 3360co2     Oc  293   0.976   4.184  17.897    1
 3360co2     Oc  294   0.970   4.164  18.131    1
 3361co2     Co  295   1.855   2.634  15.950    0
 3361co2     Oc  296   1.833   2.611  16.059    0
 3361co2     Oc  297   1.893   2.661  15.840    0
 3362co2     Co  298   2.111   1.195  47.775    0
 3362co2     Oc  299   2.180   1.291  47.755    0
 3362co2     Oc  300   2.054   1.105  47.803    0
 3363co2     Co  301   2.618   2.967  31.673    0
 3363co2     Oc  302   2.602   3.041  31.757    0
 3363co2     Oc  303   2.634   2.883  31.589    0
 3364co2     Co  304   0.875   3.922  33.695    0
 3364co2     Oc  305   0.946   3.973  33.760    0
 3364co2     Oc  306   0.802   3.848  33.637    0
 3365co2     Co  307   3.118   2.338  13.937    0
 3365co2     Oc  308   3.225   2.308  13.963    0
 3365co2     Oc  309   3.004   2.371  13.921    0
 3366co2     Co  310   3.150   2.326  48.057    0
 3366co2     Oc  311   3.107   2.244  48.126    0
 3366co2     Oc  312   3.179   2.414  47.987    0
 3367co2     Co  313   1.762   1.908  30.805    2
 3367co2     Oc  314   1.849   1.885  30.880    2
 3367co2     Oc  315   1.677   1.934  30.728    2
 3368co2     Co  316   1.499   1.919  30.016    2
 3368co2     Oc  317   1.458   1.910  30.122    2
 3368co2     Oc  318   1.522   1.932  29.904    2
 3369co2     Co  319   0.951   4.140  17.224    1
 3369co2     Oc  320   0.848   4.169  17.259    1
 3369co2     Oc  321   1.065   4.103  17.207    1
 3370co2     Co  322   2.507   2.598  39.708    0
 3370co2     Oc  323   2.618   2.603  39.746    0
 3370co2     Oc  324   2.400   2.560  39.693    0
 3371co2     Co  325   2.859   1.907  31.234    2
 3371co2     Oc  326   2.973   1.900  31.269    2
 3371co2     Oc  327   2.743   1.920  31.220    2
 3372co2     Co  328   1.256   0.498  34.644    0
 3372co2     Oc  329   1.177   0.485  34.556    0
 3372co2     Oc  330   1.328   0.491  34.738    0
 3373co2     Co  331   1.381   3.921  29.762    2
 3373co2     Oc  332   1.368   3.858  29.663    2
 3373co2     Oc  333   1.405   3.984  29.855    2
 3374co2     Co  334   3.045   0.352  30.881    2
 3374co2     Oc  335   2.972   0.347  30.789    2
 3374co2     Oc  336   3.121   0.360  30.960    2
 3375co2     Co  337   1.234   3.608  23.183    2
 3375co2     Oc  338   1.254   3.547  23.277    2
 3375co2     Oc  339   1.212   3.668  23.085    2
 3376co2     Co  340   2.495   3.573  13.359    0
 3376co2     Oc  341   2.604   3.599  13.374    0
 3376co2     Oc  342   2.383   3.566  13.332    0
 3377co2     Co  343   1.273   4.244   6.376    0
 3377co2     Oc  344   1.173   4.192   6.342    0
 3377co2     Oc  345   1.376   4.286   6.408    0
 3378co2     Co  346   1.158   4.171  32.162    0
 3378co2     Oc  347   1.156   4.073  32.101    0
 3378co2     Oc  348   1.150   4.278  32.218    0
 3379co2     Co  349   1.387   3.251  19.646    1
 3379co2     Oc  350   1.372   3.282  19.532    1
 3379co2     Oc  351   1.361   3.217  19.755    1
 3380co2     Co  352   0.747   3.146  21.208    1
 3380co2     Oc  353   0.792   3.201  21.305    1
 3380co2     Oc  354   0.705   3.083  21.125    1
 3381co2     Co  355   3.291   1.784  19.998    1
 3381co2     Oc  356   3.307   1.861  19.914    1
 3381co2     Oc  357   3.285   1.706  20.082    1
 3382co2     Co  358   2.929   2.558  31.473    0
 3382co2     Oc  359   2.820   2.559  31.433    0
 3382co2     Oc  360   3.042   2.585  31.508    0
 3383co2     Co  361   2.621   2.160  21.779    0
 3383co2     Oc  362   2.667   2.055  21.800    0
 3383co2     Oc  363   2.574   2.264  21.771    0
 3384co2     Co  364   0.024   1.831  17.442    1
 3384co2     Oc  365   0.076   1.833  17.548    1
 3384co2     Oc  366   3.677   1.842  17.334    1
 3385co2     Co  367   2.912   3.414  17.238    1
 3385co2     Oc  368   2.858   3.461  17.327    1
 3385co2     Oc  369   2.969   3.376  17.149    1
 3386co2     Co  370   0.748   1.868  18.205    1
 3386co2     Oc  371   0.797   1.821  18.109    1
 3386co2     Oc  372   0.728   1.927  18.297    1
 3387co2     Co  373   1.804   1.679  22.997    1
 3387co2     Oc  374   1.912   1.646  23.024    1
 3387co2     Oc  375   1.709   1.722  22.949    1
 3388co2     Co  376   3.340   2.981  21.295    1
 3388co2     Oc  377   3.404   2.912  21.225    1
 3388co2     Oc  378   3.290   3.066  21.360    1
 3389co2     Co  379   2.813   4.316   6.225    0
 3389co2     Oc  380   2.766   4.261   6.131    0
 3389co2     Oc  381   2.850   4.364   6.324    0
 3390co2     Co  382   3.241   1.846  17.545    1
 3390co2     Oc  383   3.350   1.862  17.581    1
 3390co2     Oc  384   3.135   1.829  17.507    1
 3391co2     Co  385   2.054   1.839  31.125    2
 3391co2     Oc  386   1.978   1.857  31.211    2
 3391co2     Oc  387   2.140   1.816  31.057    2
 3392co2     Co  388   0.066   1.370  29.685    2
 3392co2     Oc  389   3.661   1.430  29.655    2
 3392co2     Oc  390   0.161   1.313  29.729    2
 3393co2     Co  391   1.476   1.217  32.151    0
 3393co2     Oc  392   1.585   1.257  32.158    0
 3393co2     Oc  393   1.363   1.188  32.138    0
 3394co2     Co  394   1.313   0.857  25.713    0
 3394co2     Oc  395   1.292   0.779  25.634    0
 3394co2     Oc  396   1.332   0.936  25.801    0
 3395co2     Co  397   2.307   0.306   1.160    0
 3395co2     Oc  398   2.362   0.204   1.162    0
 3395co2     Oc  399   2.253   0.412   1.161    0
 3396co2     Co  400   3.018   2.549   2.518    0
 3396co2     Oc  401   2.998   2.496   2.621    0
 3396co2     Oc  402   3.024   2.592   2.410    0
 3397co2     Co  403   0.472   4.284   1.538    0
 3397co2     Oc  404   0.554   4.202   1.563    0
 3397co2     Oc  405   0.391   4.371   1.528    0
 3398co2     Co  406   1.823   3.031   0.310    0
 3398co2     Oc  407   1.713   3.023   0.279    0
 3398co2     Oc  408   1.916   3.056   0.366    0
 3399co2     Co  409   3.063   1.216  21.791    0
 3399co2     Oc  410   3.095   1.227  21.903    0
 3399co2     Oc  411   3.032   1.208  21.682    0
 3400co2     Co  412   3.482   1.842  31.176    2
 3400co2     Oc  413   3.591   1.850  31.209    2
 3400co2     Oc  414   3.373   1.860  31.134    2
 3401co2     Co  415   0.846   1.974  29.599    2
 3401co2     Oc  416   0.821   1.897  29.513    2
 3401co2     Oc  417   0.884   2.046  29.684    2
 3402co2     Co  418   0.550   1.590   9.378    0
 3402co2     Oc  419   0.482   1.523   9.307    0
 3402co2     Oc  420   0.608   1.637   9.464    0
 3403co2     Co  421   1.455   2.632   3.880    0
 3403co2     Oc  422   1.492   2.545   3.815    0
 3403co2     Oc  423   1.430   2.724   3.945    0
 3404co2     Co  424   1.665   1.337  33.701    0
 3404co2     Oc  425   1.627   1.235  33.676    0
 3404co2     Oc  426   1.719   1.431  33.744    0
 3405co2     Co  427   2.607   1.810  17.352    1
 3405co2     Oc  428   2.519   1.807  17.286    1
 3405co2     Oc  429   2.692   1.791  17.439    1
 3406co2     Co  430   3.160   1.947  18.088    1
 3406co2     Oc  431   3.052   1.949  18.046    1
 3406co2     Oc  432   3.263   1.946  18.129    1
 3407co2     Co  433   1.603   1.854  17.050    1
 3407co2     Oc  434   1.701   1.811  17.093    1
 3407co2     Oc  435   1.514   1.894  16.987    1
 3408co2     Co  436   3.441   4.465  15.996    0
 3408co2     Oc  437   3.524   4.402  16.047    0
 3408co2     Oc  438   3.367   0.020  15.930    0
 3409co2     Co  439   1.867   3.821  21.372    0
 3409co2     Oc  440   1.906   3.930  21.366    0
 3409co2     Oc  441   1.840   3.706  21.378    0
 3410co2     Co  442   0.934   4.191   5.332    0
 3410co2     Oc  443   0.970   4.093   5.287    0
 3410co2     Oc  444   0.910   4.290   5.384    0
 3411co2     Co  445   2.616   2.636  47.147    0
 3411co2     Oc  446   2.687   2.550  47.163    0
 3411co2     Oc  447   2.543   2.722  47.130    0
 3412co2     Co  448   3.013   2.126  44.811    0
 3412co2     Oc  449   2.900   2.152  44.797    0
 3412co2     Oc  450   3.127   2.097  44.823    0
 3413co2     Co  451   0.858   0.765  17.111    1
 3413co2     Oc  452   0.911   0.870  17.116    1
 3413co2     Oc  453   0.810   0.659  17.118    1
 3414co2     Co  454   3.668   1.588   8.439    0
 3414co2     Oc  455   3.611   1.493   8.461    0
 3414co2     Oc  456   0.042   1.691   8.425    0
 3415co2     Co  457   1.394   2.929   0.745    0
 3415co2     Oc  458   1.481   2.996   0.759    0
 3415co2     Oc  459   1.320   2.848   0.712    0
 3416co2     Co  460   0.058   3.217   6.242    0
 3416co2     Oc  461   0.128   3.300   6.291    0
 3416co2     Oc  462   3.666   3.133   6.206    0
 3417co2     Co  463   3.203   3.914  46.991    0
 3417co2     Oc  464   3.160   4.014  46.955    0
 3417co2     Oc  465   3.252   3.821  47.033    0
 3418co2     Co  466   3.142   3.491  34.505    0
 3418co2     Oc  467   3.067   3.519  34.411    0
 3418co2     Oc  468   3.202   3.445  34.592    0
 3419co2     Co  469   3.099   4.087  31.392    0
 3419co2     Oc  470   3.208   4.064  31.434    0
 3419co2     Oc  471   3.006   4.108  31.328    2
 3420co2     Co  472   2.375   1.578  35.360    0
 3420co2     Oc  473   2.417   1.685  35.378    0
 3420co2     Oc  474   2.333   1.472  35.341    0
 3421co2     Co  475   3.667   1.916  18.183    1
 3421co2     Oc  476   0.029   1.905  18.077    1
 3421co2     Oc  477   3.625   1.910  18.294    1
 3422co2     Co  478   3.013   1.915  17.237    1
 3422co2     Oc  479   3.127   1.935  17.249    1
 3422co2     Oc  480   2.902   1.883  17.210    1
 3423co2     Co  481   3.026   1.858  31.857    0
 3423co2     Oc  482   3.129   1.862  31.904    0
 3423co2     Oc  483   2.919   1.843  31.808    0
 3424co2     Co  484   3.003   2.798  32.034    0
 3424co2     Oc  485   2.943   2.696  32.024    0
 3424co2     Oc  486   3.067   2.896  32.051    0
 3425co2     Co  487   1.017   3.337   6.009    0
 3425co2     Oc  488   0.905   3.356   5.978    0
 3425co2     Oc  489   1.126   3.312   6.047    0
 3426co2     Co  490   0.890   2.908  19.928    0
 3426co2     Oc  491   0.780   2.890  19.914    0
 3426co2     Oc  492   1.000   2.917  19.946    0
 3427co2     Co  493   3.176   1.213   3.087    0
 3427co2     Oc  494   3.161   1.113   3.135    0
 3427co2     Oc  495   3.201   1.307   3.025    0
 3428co2     Co  496   2.185   1.289  16.481    0
 3428co2     Oc  497   2.198   1.396  16.508    0
 3428co2     Oc  498   2.148   1.173  16.463    0
 3429co2     Co  499   0.870   1.479  38.913    0
 3429co2     Oc  500   0.887   1.530  39.012    0
 3429co2     Oc  501   0.844   1.408  38.821    0
 3430co2     Co  502   2.334   0.247   8.307    0
 3430co2     Oc  503   2.387   0.319   8.239    0
 3430co2     Oc  504   2.274   0.193   8.382    0
 3431co2     Co  505   2.861   1.865  18.277    1
 3431co2     Oc  506   2.949   1.844  18.354    1
 3431co2     Oc  507   2.781   1.889  18.200    1
 3432co2     Co  508   3.136   0.162  43.872    0
 3432co2     Oc  509   3.157   0.219  43.771    0
 3432co2     Oc  510   3.110   0.116  43.971    0
 3433co2     Co  511   1.919   0.491  21.258    0
 3433co2     Oc  512   1.813   0.441  21.252    0
 3433co2     Oc  513   2.029   0.536  21.274    0
 3434co2     Co  514   0.174   3.836  47.527    0
 3434co2     Oc  515   0.112   3.908  47.587    0
 3434co2     Oc  516   0.231   3.758  47.462    0
 3435co2     Co  517   1.350   1.916  32.124    0
 3435co2     Oc  518   1.282   1.996  32.166    0
 3435co2     Oc  519   1.424   1.844  32.065    0
 3436co2     Co  520   2.831   3.077  37.132    0
 3436co2     Oc  521   2.755   3.147  37.179    0
 3436co2     Oc  522   2.914   3.013  37.086    0
 3437co2     Co  523   2.162   1.069  28.017    0
 3437co2     Oc  524   2.243   1.018  27.954    0
 3437co2     Oc  525   2.085   1.109  28.091    0
 3438co2     Co  526   2.507   1.908  18.330    1
 3438co2     Oc  527   2.542   1.881  18.437    1
 3438co2     Oc  528   2.500   1.939  18.214    1
 3439co2     Co  529   1.232   0.636  14.714    0
 3439co2     Oc  530   1.206   0.554  14.642    0
 3439co2     Oc  531   1.248   0.714  14.799    0
 3440co2     Co  532   2.041   0.923  17.117    1
 3440co2     Oc  533   2.099   1.020  17.147    1
 3440co2     Oc  534   1.982   0.824  17.090    1
 3441co2     Co  535   1.243   0.415  36.294    0
 3441co2     Oc  536   1.269   0.391  36.403    0
 3441co2     Oc  537   1.226   0.442  36.183    0
 3442co2     Co  538   1.049   2.806  35.363    0
 3442co2     Oc  539   1.062   2.913  35.322    0
 3442co2     Oc  540   1.038   2.699  35.404    0
 3443co2     Co  541   3.014   1.779  47.014    0
 3443co2     Oc  542   2.977   1.863  46.950    0
 3443co2     Oc  543   3.049   1.693  47.076    0
 3444co2     Co  544   0.399   2.071  13.176    0
 3444co2     Oc  545   0.345   2.122  13.261    0
 3444co2     Oc  546   0.440   2.017  13.085    0
 3445co2     Co  547   0.777   2.951  48.462    0
 3445co2     Oc  548   0.802   2.907  48.354    0
 3445co2     Oc  549   0.743   3.009  48.558    0
 3446co2     Co  550   0.912   3.324  20.854    0
 3446co2     Oc  551   0.892   3.375  20.754    0
 3446co2     Oc  552   0.940   3.280  20.959    0
 3447co2     Co  553   0.066   1.584   7.582    0
 3447co2     Oc  554   0.163   1.525   7.551    0
 3447co2     Oc  555   3.656   1.646   7.608    0
 3448co2     Co  556   1.054   1.879  30.634    2
 3448co2     Oc  557   1.039   1.840  30.746    2
 3448co2     Oc  558   1.035   1.915  30.529    2
 3449co2     Co  559   2.989   1.898  30.674    2
 3449co2     Oc  560   2.900   1.871  30.603    2
 3449co2     Oc  561   3.076   1.921  30.747    2
 3450co2     Co  562   2.834   2.247  21.403    2
 3450co2     Oc  563   2.844   2.308  21.305    2
 3450co2     Oc  564   2.801   2.187  21.497    2
 3451co2     Co  565   0.188   3.414  18.024    1
 3451co2     Oc  566   0.076   3.421  18.030    1
 3451co2     Oc  567   0.308   3.407  18.016    1
 3452co2     Co  568   2.125   0.432  22.135    1
 3452co2     Oc  569   2.141   0.551  22.125    1
 3452co2     Oc  570   2.097   0.318  22.125    1
 3453co2     Co  571   0.373   4.136  31.506    0
 3453co2     Oc  572   0.433   4.109  31.405    0
 3453co2     Oc  573   0.299   4.160  31.595    0
 3454co2     Co  574   2.325   2.683  27.253    0
 3454co2     Oc  575   2.236   2.617  27.286    0
 3454co2     Oc  576   2.402   2.768  27.231    0
 3455co2     Co  577   3.370   3.601  46.222    0
 3455co2     Oc  578   3.289   3.530  46.270    0
 3455co2     Oc  579   3.440   3.681  46.172    0
 3456co2     Co  580   0.094   1.255   2.062    0
 3456co2     Oc  581   0.019   1.336   2.039    0
 3456co2     Oc  582   0.189   1.194   2.091    0
 3457co2     Co  583   1.920   2.297   0.598    0
 3457co2     Oc  584   1.954   2.196   0.640    0
 3457co2     Oc  585   1.882   2.398   0.554    0
 3458co2     Co  586   1.138   3.403  42.684    0
 3458co2     Oc  587   1.113   3.289  42.696    0
 3458co2     Oc  588   1.166   3.508  42.669    0
 3459co2     Co  589   3.073   1.877  30.269    2
 3459co2     Oc  590   3.143   1.907  30.358    2
 3459co2     Oc  591   2.997   1.854  30.189    2
 3460co2     Co  592   0.087   3.093  11.338    0
 3460co2     Oc  593   0.057   3.174  11.415    0
 3460co2     Oc  594   0.119   3.010  11.263    0
 3461co2     Co  595   3.113   4.432  11.194    0
 3461co2     Oc  596   3.048   4.485  11.118    0
 3461co2     Oc  597   3.190   4.379  11.260    0
 3462co2     Co  598   1.445   3.709   2.550    0
 3462co2     Oc  599   1.398   3.636   2.628    0
 3462co2     Oc  600   1.512   3.771   2.478    0
 3463co2     Co  601   3.446   4.099  31.094    2
 3463co2     Oc  602   3.535   4.066  31.162    2
 3463co2     Oc  603   3.361   4.134  31.025    2
 3464co2     Co  604   3.257   0.901  36.595    0
 3464co2     Oc  605   3.206   0.904  36.496    0
 3464co2     Oc  606   3.312   0.879  36.691    0
 3465co2     Co  607   0.415   4.482  44.754    0
 3465co2     Oc  608   0.508   0.030  44.802    0
 3465co2     Oc  609   0.325   4.426  44.718    0
 3466co2     Co  610   0.160   1.034  22.530    0
 3466co2     Oc  611   0.176   0.953  22.616    0
 3466co2     Oc  612   0.146   1.105  22.444    0
 3467co2     Co  613   1.165   1.817  17.635    1
 3467co2     Oc  614   1.281   1.806  17.637    1
 3467co2     Oc  615   1.054   1.817  17.644    1
 3468co2     Co  616   0.567   0.382  31.931    0
 3468co2     Oc  617   0.475   0.351  31.870    0
 3468co2     Oc  618   0.659   0.426  31.988    0
 3469co2     Co  619   0.471   0.640  31.776    0
 3469co2     Oc  620   0.569   0.653  31.837    0
 3469co2     Oc  621   0.391   0.614  31.701    0
 3470co2     Co  622   3.584   2.784  40.790    0
 3470co2     Oc  623   3.682   2.846  40.803    0
 3470co2     Oc  624   3.480   2.723  40.789    0
 3471co2     Co  625   1.951   3.660  48.925    0
 3471co2     Oc  626   1.890   3.559  48.910    0
 3471co2     Oc  627   2.020   3.756  48.935    0
 3472co2     Co  628   1.240   2.909   5.309    0
 3472co2     Oc  629   1.142   2.966   5.294    0
 3472co2     Oc  630   1.329   2.836   5.338    0
 3473co2     Co  631   0.036   3.995   0.937    0
 3473co2     Oc  632   3.683   3.899   0.881    0
 3473co2     Oc  633   0.053   4.085   1.008    0
 3474co2     Co  634   1.912   1.057  15.713    0
 3474co2     Oc  635   1.844   1.127  15.773    0
 3474co2     Oc  636   1.976   0.981  15.652    0
 3475co2     Co  637   2.644   1.888  30.814    2
 3475co2     Oc  638   2.575   1.927  30.732    2
 3475co2     Oc  639   2.722   1.866  30.902    2
 3476co2     Co  640   0.742   0.804  34.124    0
 3476co2     Oc  641   0.644   0.811  34.058    0
 3476co2     Oc  642   0.825   0.790  34.202    0
 3477co2     Co  643   1.466   1.417  41.711    0
 3477co2     Oc  644   1.579   1.442  41.720    0
 3477co2     Oc  645   1.358   1.393  41.688    0
 3478co2     Co  646   2.118   2.356   6.247    0
 3478co2     Oc  647   2.093   2.240   6.249    0
 3478co2     Oc  648   2.146   2.465   6.232    0
 3479co2     Co  649   0.829   0.482  16.539    0
 3479co2     Oc  650   0.904   0.470  16.627    0
 3479co2     Oc  651   0.748   0.512  16.463    0
 3480co2     Co  652   2.246   3.591  10.487    0
 3480co2     Oc  653   2.230   3.517  10.577    0
 3480co2     Oc  654   2.263   3.650  10.388    0
 3481co2     Co  655   0.097   3.027   8.060    0
 3481co2     Oc  656   0.165   2.948   8.111    0
 3481co2     Oc  657   0.030   3.109   8.008    0
 3482co2     Co  658   3.473   1.439   2.391    0
 3482co2     Oc  659   3.372   1.396   2.421    0
 3482co2     Oc  660   3.579   1.484   2.365    0
 3483co2     Co  661   3.443   4.144  17.771    1
 3483co2     Oc  662   3.371   4.148  17.859    1
 3483co2     Oc  663   3.498   4.143  17.667    1
 3484co2     Co  664   1.520   0.069   8.701    0
 3484co2     Oc  665   1.591   0.126   8.774    0
 3484co2     Oc  666   1.435   0.020   8.634    0
 3485co2     Co  667   0.650   1.939  48.321    0
 3485co2     Oc  668   0.574   1.894  48.395    0
 3485co2     Oc  669   0.734   1.977  48.252    0
 3486co2     Co  670   1.005   4.321  39.831    0
 3486co2     Oc  671   0.910   4.379  39.873    0
 3486co2     Oc  672   1.099   4.259  39.789    0
 3487co2     Co  673   3.483   1.850  30.626    2
 3487co2     Oc  674   3.568   1.860  30.552    2
 3487co2     Oc  675   3.399   1.821  30.702    2
 3488co2     Co  676   2.096   3.061  16.807    1
 3488co2     Oc  677   2.185   3.097  16.740    1
 3488co2     Oc  678   2.005   3.019  16.864    1
 3489co2     Co  679   2.167   0.723  16.811    1
 3489co2     Oc  680   2.232   0.802  16.866    1
 3489co2     Oc  681   2.102   0.649  16.755    1
 3490co2     Co  682   1.522   1.898  17.482    1
 3490co2     Oc  683   1.552   1.890  17.592    1
 3490co2     Oc  684   1.511   1.905  17.363    1
 3491co2     Co  685   0.898   1.174   9.980    0
 3491co2     Oc  686   0.901   1.284  10.013    0
 3491co2     Oc  687   0.888   1.058   9.962    0
 3492co2     Co  688   0.458   0.989   6.266    0
 3492co2     Oc  689   0.528   1.034   6.184    0
 3492co2     Oc  690   0.404   0.949   6.359    0
 3493co2     Co  691   0.680   1.910  18.744    1
 3493co2     Oc  692   0.578   1.910  18.802    1
 3493co2     Oc  693   0.770   1.927  18.671    1
 3494co2     Co  694   0.828   1.897  31.493    0
 3494co2     Oc  695   0.720   1.916  31.454    0
 3494co2     Oc  696   0.933   1.881  31.535    0
 3495co2     Co  697   0.456   2.902  16.516    0
 3495co2     Oc  698   0.454   2.786  16.483    0
 3495co2     Oc  699   0.454   3.016  16.537    0
 3496co2     Co  700   0.640   4.221  19.823    0
 3496co2     Oc  701   0.639   4.243  19.706    1
 3496co2     Oc  702   0.664   4.187  19.931    1
 3497co2     Co  703   2.386   3.780  16.380    0
 3497co2     Oc  704   2.353   3.828  16.485    0
 3497co2     Oc  705   2.436   3.735  16.288    0
 3498co2     Co  706   3.071   1.249  25.238    0
 3498co2     Oc  707   3.108   1.359  25.259    0
 3498co2     Oc  708   3.046   1.141  25.214    0
 3499co2     Co  709   3.592   3.406  18.908    1
 3499co2     Oc  710   3.476   3.381  18.916    1
 3499co2     Oc  711   0.013   3.441  18.883    1
 3500co2     Co  712   2.351   4.379  36.051    0
 3500co2     Oc  713   2.447   4.435  36.027    0
 3500co2     Oc  714   2.253   4.315  36.056    0
 3501co2     Co  715   0.761   4.193  26.966    0
 3501co2     Oc  716   0.870   4.153  26.969    0
 3501co2     Oc  717   0.649   4.221  26.951    0
 3502co2     Co  718   1.158   0.281  14.117    0
 3502co2     Oc  719   1.097   0.353  14.052    0
 3502co2     Oc  720   1.215   0.219  14.198    0
 3503co2     Co  721   1.222   1.098  31.734    0
 3503co2     Oc  722   1.106   1.086  31.745    0
 3503co2     Oc  723   1.337   1.082  31.728    0
 3504co2     Co  724   2.029   1.395  47.470    0
 3504co2     Oc  725   1.989   1.332  47.560    0
 3504co2     Oc  726   2.056   1.456  47.371    0
 3505co2     Co  727   3.380   4.356  32.287    0
 3505co2     Oc  728   3.451   4.367  32.374    0
 3505co2     Oc  729   3.319   4.341  32.190    0
 3506co2     Co  730   2.678   4.132  20.567    0
 3506co2     Oc  731   2.614   4.041  20.547    0
 3506co2     Oc  732   2.738   4.228  20.592    0
 3507co2     Co  733   1.976   2.824   5.665    0
 3507co2     Oc  734   2.067   2.806   5.593    0
 3507co2     Oc  735   1.870   2.846   5.714    0
 3508co2     Co  736   0.771   1.379  23.888    0
 3508co2     Oc  737   0.716   1.467  23.834    0
 3508co2     Oc  738   0.836   1.307  23.952    0
 3509co2     Co  739   1.936   1.343  35.974    0
 3509co2     Oc  740   1.842   1.274  35.995    0
 3509co2     Oc  741   2.030   1.395  35.932    0
 3510co2     Co  742   2.140   3.052  42.245    0
 3510co2     Oc  743   2.067   2.981  42.306    0
 3510co2     Oc  744   2.230   3.127  42.215    0
 3511co2     Co  745   3.453   0.183  42.416    0
 3511co2     Oc  746   3.462   0.293  42.384    0
 3511co2     Oc  747   3.434   0.074  42.447    0
 3512co2     Co  748   1.148   4.287   7.173    0
 3512co2     Oc  749   1.186   4.393   7.145    0
 3512co2     Oc  750   1.109   4.176   7.184    0
 3513co2     Co  751   0.460   1.033  44.091    0
 3513co2     Oc  752   0.508   1.114  44.160    0
 3513co2     Oc  753   0.412   0.957  44.021    0
 3514co2     Co  754   2.874   3.690   0.049    0
 3514co2     Oc  755   2.772   3.668   0.093    0
 3514co2     Oc  756   2.980   3.717   0.006    0
 3515co2     Co  757   1.494   4.166  31.541    0
 3515co2     Oc  758   1.381   4.177  31.503    0
 3515co2     Oc  759   1.601   4.179  31.575    0
 3516co2     Co  760   3.211   4.104  18.089    1
 3516co2     Oc  761   3.310   4.065  18.145    1
 3516co2     Oc  762   3.113   4.137  18.039    1
 3517co2     Co  763   3.209   1.845  16.973    1
 3517co2     Oc  764   3.104   1.890  16.959    1
 3517co2     Oc  765   3.315   1.793  16.991    1
 3518co2     Co  766   0.010   4.164  18.706    1
 3518co2     Oc  767   3.681   4.131  18.821    1
 3518co2     Oc  768   0.025   4.208  18.597    1
 3519co2     Co  769   2.160   4.381  29.543    2
 3519co2     Oc  770   2.214   4.357  29.445    2
 3519co2     Oc  771   2.110   4.415  29.642    2
 3520co2     Co  772   2.151   4.015  38.651    0
 3520co2     Oc  773   2.046   4.038  38.686    0
 3520co2     Oc  774   2.257   3.992  38.614    0
 3521co2     Co  775   2.802   4.442  35.778    0
 3521co2     Oc  776   2.913   4.408  35.772    0
 3521co2     Oc  777   2.696   4.474  35.774    0
 3522co2     Co  778   3.556   1.567  28.765    2
 3522co2     Oc  779   3.479   1.516  28.836    2
 3522co2     Oc  780   3.633   1.632  28.701    2
 3523co2     Co  781   3.535   3.621  27.483    2
 3523co2     Oc  782   3.497   3.724  27.523    2
 3523co2     Oc  783   3.563   3.517  27.438    2
 3524co2     Co  784   1.096   2.157  29.467    2
 3524co2     Oc  785   1.052   2.185  29.360    2
 3524co2     Oc  786   1.167   2.144  29.559    2
 3525co2     Co  787   3.040   2.705  17.379    1
 3525co2     Oc  788   3.100   2.791  17.334    1
 3525co2     Oc  789   3.001   2.610  17.420    1
 3526co2     Co  790   2.745   3.186  38.742    0
 3526co2     Oc  791   2.786   3.139  38.645    0
 3526co2     Oc  792   2.709   3.226  38.844    0
 3527co2     Co  793   2.773   1.922   7.336    0
 3527co2     Oc  794   2.773   1.827   7.267    0
 3527co2     Oc  795   2.775   2.013   7.409    0
 3528co2     Co  796   0.111   3.984   8.804    0
 3528co2     Oc  797   0.046   3.936   8.891    0
 3528co2     Oc  798   0.170   4.021   8.713    0
 3529co2     Co  799   0.357   3.945  24.913    0
 3529co2     Oc  800   0.338   4.024  24.832    0
 3529co2     Oc  801   0.373   3.868  24.994    0
 3530co2     Co  802   3.183   1.358  35.133    0
 3530co2     Oc  803   3.237   1.277  35.199    0
 3530co2     Oc  804   3.132   1.437  35.058    0
 3531co2     Co  805   1.104   0.581   9.808    0
 3531co2     Oc  806   1.215   0.542   9.801    0
 3531co2     Oc  807   0.995   0.612   9.798    0
 3532co2     Co  808   0.503   1.836  30.875    2
 3532co2     Oc  809   0.613   1.873  30.903    2
 3532co2     Oc  810   0.396   1.818  30.838    2
 3533co2     Co  811   3.465   2.293   9.260    0
 3533co2     Oc  812   3.537   2.207   9.225    0
 3533co2     Oc  813   3.401   2.384   9.289    0
 3534co2     Co  814   0.453   4.142  30.991    2
 3534co2     Oc  815   0.439   4.212  30.902    2
 3534co2     Oc  816   0.431   4.061  31.068    2
 3535co2     Co  817   1.709   1.172  37.193    0
 3535co2     Oc  818   1.650   1.258  37.236    0
 3535co2     Oc  819   1.783   1.089  37.158    0
 3536co2     Co  820   2.036   2.997  37.117    0
 3536co2     Oc  821   2.085   3.045  37.210    0
 3536co2     Oc  822   1.993   2.923  37.043    0
 3537co2     Co  823   0.952   3.474  29.650    2
 3537co2     Oc  824   1.012   3.572  29.653    2
 3537co2     Oc  825   0.880   3.380  29.660    2
 3538co2     Co  826   3.043   3.836   6.999    0
 3538co2     Oc  827   3.134   3.776   6.962    0
 3538co2     Oc  828   2.963   3.906   7.055    0
 3539co2     Co  829   1.827   1.876  17.602    1
 3539co2     Oc  830   1.821   1.811  17.692    1
 3539co2     Oc  831   1.820   1.940  17.502    1
 3540co2     Co  832   1.638   2.209  21.024    1
 3540co2     Oc  833   1.708   2.203  21.121    1
 3540co2     Oc  834   1.567   2.235  20.931    1
 3541co2     Co  835   0.011   0.479  36.774    0
 3541co2     Oc  836   3.625   0.543  36.702    0
 3541co2     Oc  837   0.076   0.400  36.827    0
 3542co2     Co  838   3.460   2.310   2.158    0
 3542co2     Oc  839   3.378   2.376   2.208    0
 3542co2     Oc  840   3.549   2.253   2.106    0
 3543co2     Co  841   2.200   0.695  46.832    0
 3543co2     Oc  842   2.307   0.672  46.870    0
 3543co2     Oc  843   2.093   0.708  46.793    0
 3544co2     Co  844   1.893   2.270  16.732    1
 3544co2     Oc  845   1.833   2.173  16.736    1
 3544co2     Oc  846   1.947   2.371  16.698    0
 3545co2     Co  847   1.386   4.093  18.298    1
 3545co2     Oc  848   1.297   4.085  18.373    1
 3545co2     Oc  849   1.480   4.085  18.225    1
 3546co2     Co  850   0.178   1.865  31.038    2
 3546co2     Oc  851   0.103   1.852  30.952    2
 3546co2     Oc  852   0.249   1.877  31.129    2
 3547co2     Co  853   2.257   3.037  36.575    0
 3547co2     Oc  854   2.251   2.925  36.550    0
 3547co2     Oc  855   2.257   3.151  36.580    0
 3548co2     Co  856   0.321   0.585  11.366    0
 3548co2     Oc  857   0.324   0.685  11.424    0
 3548co2     Oc  858   0.324   0.484  11.318    0
 3549co2     Co  859   2.179   1.305  26.966    0
 3549co2     Oc  860   2.190   1.410  27.014    0
 3549co2     Oc  861   2.191   1.193  26.933    0
 3550co2     Co  862   2.041   0.864   0.069    0
 3550co2     Oc  863   1.944   0.796   0.081    0
 3550co2     Oc  864   2.135   0.917   0.036    0
 3551co2     Co  865   1.910   4.085  19.005    1
 3551co2     Oc  866   2.014   4.067  19.045    1
 3551co2     Oc  867   1.805   4.103  18.969    1
 3552co2     Co  868   2.669   3.395  16.986    1
 3552co2     Oc  869   2.740   3.377  16.894    1
 3552co2     Oc  870   2.604   3.405  17.081    1
 3553co2     Co  871   1.601   0.343  17.702    1
 3553co2     Oc  872   1.621   0.371  17.811    1
 3553co2     Oc  873   1.597   0.315  17.588    1
 3554co2     Co  874   0.112   2.944  31.636    0
 3554co2     Oc  875   0.030   3.027  31.639    0
 3554co2     Oc  876   0.192   2.863  31.643    0
 3555co2     Co  877   2.817   1.860  17.764    1
 3555co2     Oc  878   2.748   1.881  17.855    1
 3555co2     Oc  879   2.873   1.842  17.670    1
 3556co2     Co  880   3.023   0.501  41.265    0
 3556co2     Oc  881   2.957   0.478  41.171    0
 3556co2     Oc  882   3.076   0.540  41.361    0
 3557co2     Co  883   1.969   2.457  29.520    2
 3557co2     Oc  884   1.960   2.444  29.406    2
 3557co2     Oc  885   1.969   2.470  29.634    2
 3558co2     Co  886   2.371   4.119  18.040    1
 3558co2     Oc  887   2.314   4.153  18.135    1
 3558co2     Oc  888   2.431   4.094  17.942    1
 3559co2     Co  889   1.199   4.126  31.239    2
 3559co2     Oc  890   1.294   4.171  31.190    2
 3559co2     Oc  891   1.108   4.066  31.275    2
 3560co2     Co  892   1.631   3.575   6.502    0
 3560co2     Oc  893   1.747   3.588   6.483    0
 3560co2     Oc  894   1.517   3.559   6.515    0
 3561co2     Co  895   1.174   0.410  26.887    0
 3561co2     Oc  896   1.212   0.305  26.871    0
 3561co2     Oc  897   1.170   0.524  26.900    0
 3562co2     Co  898   1.627   1.942  31.194    2
 3562co2     Oc  899   1.519   1.966  31.241    2
 3562co2     Oc  900   1.732   1.924  31.144    2
 3563co2     Co  901   3.203   4.092  18.724    1
 3563co2     Oc  902   3.137   4.115  18.629    1
 3563co2     Oc  903   3.262   4.070  18.824    1
 3564co2     Co  904   1.882   1.930  30.174    2
 3564co2     Oc  905   1.834   1.913  30.275    2
 3564co2     Oc  906   1.928   1.948  30.067    2
 3565co2     Co  907   3.330   1.864  31.473    0
 3565co2     Oc  908   3.441   1.898  31.449    0
 3565co2     Oc  909   3.217   1.842  31.484    0
 3566co2     Co  910   1.773   1.270  15.259    0
 3566co2     Oc  911   1.871   1.327  15.291    0
 3566co2     Oc  912   1.681   1.198  15.240    0
 3567co2     Co  913   0.159   1.893  30.537    2
 3567co2     Oc  914   0.176   1.910  30.650    2
 3567co2     Oc  915   0.156   1.889  30.424    2
 3568co2     Co  916   2.665   4.095  31.634    0
 3568co2     Oc  917   2.780   4.094  31.630    0
 3568co2     Oc  918   2.553   4.113  31.635    0
 3569co2     Co  919   2.090   3.001  11.172    0
 3569co2     Oc  920   2.044   2.905  11.211    0
 3569co2     Oc  921   2.133   3.093  11.118    0
 3570co2     Co  922   1.082   3.033  20.328    0
 3570co2     Oc  923   1.005   3.067  20.415    0
 3570co2     Oc  924   1.155   2.993  20.248    0
 3571co2     Co  925   1.346   3.309   0.277    0
 3571co2     Oc  926   1.365   3.313   0.154    0
 3571co2     Oc  927   1.330   3.324   0.387    0
 3572co2     Co  928   3.368   2.066  36.194    0
 3572co2     Oc  929   3.455   2.069  36.269    0
 3572co2     Oc  930   3.281   2.075  36.120    0
 3573co2     Co  931   0.465   2.951  44.656    0
 3573co2     Oc  932   0.555   2.982  44.730    0
 3573co2     Oc  933   0.383   2.911  44.589    0
 3574co2     Co  934   3.005   2.134  38.708    0
 3574co2     Oc  935   3.039   2.250  38.694    0
 3574co2     Oc  936   2.971   2.025  38.728    0
 3575co2     Co  937   1.768   3.315  25.446    0
 3575co2     Oc  938   1.670   3.256  25.476    0
 3575co2     Oc  939   1.872   3.363  25.430    0
 3576co2     Co  940   3.283   1.888  32.385    0
 3576co2     Oc  941   3.244   1.812  32.461    0
 3576co2     Oc  942   3.353   1.955  32.329    0
 3577co2     Co  943   0.123   2.523  12.864    0
 3577co2     Oc  944   0.176   2.569  12.770    0
 3577co2     Oc  945   0.065   2.463  12.951    0
 3578co2     Co  946   1.983   3.325  13.915    0
 3578co2     Oc  947   2.031   3.226  13.953    0
 3578co2     Oc  948   1.955   3.425  13.873    0
 3579co2     Co  949   1.138   0.325  17.279    1
 3579co2     Oc  950   1.030   0.325  17.312    1
 3579co2     Oc  951   1.256   0.305  17.258    1
 3580co2     Co  952   1.921   1.147   2.357    0
 3580co2     Oc  953   1.960   1.173   2.461    0
 3580co2     Oc  954   1.880   1.119   2.254    0
 3581co2     Co  955   2.856   1.864  18.810    1
 3581co2     Oc  956   2.838   1.908  18.707    1
 3581co2     Oc  957   2.867   1.817  18.917    1
 3582co2     Co  958   1.249   1.919  23.627    1
 3582co2     Oc  959   1.145   1.867  23.616    1
 3582co2     Oc  960   1.360   1.963  23.646    1
 3583co2     Co  961   0.305   1.273  21.437    1
 3583co2     Oc  962   0.215   1.205  21.467    1
 3583co2     Oc  963   0.381   1.348  21.402    1
 3584co2     Co  964   3.317   2.677   2.213    0
 3584co2     Oc  965   3.280   2.686   2.099    0
 3584co2     Oc  966   3.341   2.688   2.327    0
 3585co2     Co  967   3.091   2.389  37.833    0
 3585co2     Oc  968   3.099   2.374  37.718    0
 3585co2     Oc  969   3.086   2.412  37.944    0
 3586co2     Co  970   3.647   4.160  31.750    0
 3586co2     Oc  971   0.009   4.182  31.852    0
 3586co2     Oc  972   3.585   4.125  31.660    0
 3587co2     Co  973   2.256   2.568  38.240    0
 3587co2     Oc  974   2.152   2.557  38.192    0
 3587co2     Oc  975   2.353   2.576  38.300    0
 3588co2     Co  976   0.829   2.068  12.517    0
 3588co2     Oc  977   0.858   1.968  12.569    0
 3588co2     Oc  978   0.802   2.168  12.460    0
 3589co2     Co  979   1.469   2.054  35.797    0
 3589co2     Oc  980   1.552   2.135  35.813    0
 3589co2     Oc  981   1.391   1.970  35.786    0
 3590co2     Co  982   1.432   1.816  30.480    2
 3590co2     Oc  983   1.538   1.801  30.430    2
 3590co2     Oc  984   1.324   1.831  30.518    2
 3591co2     Co  985   0.705   4.076  17.658    1
 3591co2     Oc  986   0.694   4.106  17.768    1
 3591co2     Oc  987   0.700   4.039  17.548    1
 3592co2     Co  988   2.498   0.682  36.383    0
 3592co2     Oc  989   2.422   0.731  36.455    0
 3592co2     Oc  990   2.577   0.631  36.314    0
 3593co2     Co  991   2.495   0.730  14.600    0
 3593co2     Oc  992   2.383   0.698  14.595    0
 3593co2     Oc  993   2.602   0.758  14.570    0
 3594co2     Co  994   2.289   3.131  19.211    1
 3594co2     Oc  995   2.356   3.190  19.290    1
 3594co2     Oc  996   2.208   3.080  19.142    1
 3595co2     Co  997   2.652   3.448  31.084    2
 3595co2     Oc  998   2.542   3.449  31.127    2
 3595co2     Oc  999   2.762   3.436  31.046    2
 3596co2     Co 1000   2.279   0.717  17.894    1
 3596co2     Oc 1001   2.310   0.605  17.919    1
 3596co2     Oc 1002   2.246   0.826  17.880    1
 3597co2     Co 1003   2.560   0.118   2.227    0
 3597co2     Oc 1004   2.664   0.162   2.199    0
 3597co2     Oc 1005   2.457   0.070   2.253    0
 3598co2     Co 1006   1.111   4.100  17.536    1
 3598co2     Oc 1007   1.213   4.092  17.488    1
 3598co2     Oc 1008   1.012   4.125  17.593    1
 3599co2     Co 1009   2.125   2.178   9.138    0
 3599co2     Oc 1010   2.110   2.237   9.039    0
 3599co2     Oc 1011   2.157   2.116   9.232    0
 3600co2     Co 1012   0.817   1.936  43.854    0
 3600co2     Oc 1013   0.918   1.894  43.836    0
 3600co2     Oc 1014   0.715   1.984  43.882    0
 3601co2     Co 1015   1.508   2.444  29.132    2
 3601co2     Oc 1016   1.585   2.381  29.193    2
 3601co2     Oc 1017   1.417   2.500  29.085    2
 3602co2     Co 1018   0.437   4.159  17.118    1
 3602co2     Oc 1019   0.546   4.185  17.112    1
 3602co2     Oc 1020   0.321   4.135  17.112    1
 3603co2     Co 1021   0.646   0.219  26.175    1
 3603co2     Oc 1022   0.614   0.263  26.073    1
 3603co2     Oc 1023   0.691   0.171  26.272    1
 3604co2     Co 1024   1.501   4.124  17.320    1
 3604co2     Oc 1025   1.595   4.167  17.367    1
 3604co2     Oc 1026   1.406   4.069  17.281    1
 3605co2     Co 1027   3.660   3.553  43.094    0
 3605co2     Oc 1028   0.014   3.556  43.204    0
 3605co2     Oc 1029   3.626   3.551  42.979    0
 3606co2     Co 1030   0.568   3.040  38.798    0
 3606co2     Oc 1031   0.494   3.083  38.875    0
 3606co2     Oc 1032   0.648   2.990  38.730    0
 3607co2     Co 1033   2.382   0.136  29.285    2
 3607co2     Oc 1034   2.447   0.189  29.363    2
 3607co2     Oc 1035   2.323   0.064  29.212    2
 3608co2     Co 1036   1.991   3.854  14.575    0
 3608co2     Oc 1037   1.907   3.804  14.636    0
 3608co2     Oc 1038   2.068   3.909  14.516    0
 3609co2     Co 1039   0.182   2.776  43.379    0
 3609co2     Oc 1040   0.105   2.802  43.457    0
 3609co2     Oc 1041   0.264   2.739  43.301    0
 3610co2     Co 1042   0.554   2.458  48.109    0
 3610co2     Oc 1043   0.472   2.379  48.139    0
 3610co2     Oc 1044   0.632   2.543  48.101    0
 3611co2     Co 1045   2.154   2.047  32.194    0
 3611co2     Oc 1046   2.039   2.060  32.163    0
 3611co2     Oc 1047   2.263   2.006  32.214    0
 3612co2     Co 1048   0.410   3.744  48.831    0
 3612co2     Oc 1049   0.499   3.673  48.851    0
 3612co2     Oc 1050   0.312   3.800  48.819    0
 3613co2     Co 1051   2.713   0.603  42.340    0
 3613co2     Oc 1052   2.785   0.518  42.388    0
 3613co2     Oc 1053   2.646   0.689  42.299    0
 3614co2     Co 1054   2.233   2.472  39.908    0
 3614co2     Oc 1055   2.127   2.460  39.859    0
 3614co2     Oc 1056   2.337   2.482  39.971    0
 3615co2     Co 1057   0.695   2.506   1.032    0
 3615co2     Oc 1058   0.793   2.444   1.052    0
 3615co2     Oc 1059   0.592   2.560   0.999    0
 3616co2     Co 1060   2.282   1.886  31.779    0
 3616co2     Oc 1061   2.320   1.895  31.675    0
 3616co2     Oc 1062   2.258   1.897  31.892    0
 3617co2     Co 1063   3.008   0.940  40.602    0
 3617co2     Oc 1064   3.101   0.914  40.535    0
 3617co2     Oc 1065   2.932   0.972  40.688    0
 3618co2     Co 1066   2.139   4.079  31.695    0
 3618co2     Oc 1067   2.042   4.062  31.634    0
 3618co2     Oc 1068   2.242   4.088  31.741    0
 3619co2     Co 1069   1.441   2.461  48.141    0
 3619co2     Oc 1070   1.434   2.567  48.100    0
 3619co2     Oc 1071   1.463   2.363  48.200    0
 3620co2     Co 1072   1.740   2.565  48.111    0
 3620co2     Oc 1073   1.750   2.672  48.147    0
 3620co2     Oc 1074   1.732   2.456  48.094    0
 3621co2     Co 1075   1.942   2.905  15.605    0
 3621co2     Oc 1076   1.853   2.964  15.566    0
 3621co2     Oc 1077   2.046   2.844  15.616    0
 3622co2     Co 1078   1.707   3.395  37.997    0
 3622co2     Oc 1079   1.811   3.401  38.042    0
 3622co2     Oc 1080   1.594   3.379  37.965    0
 3623co2     Co 1081   1.646   0.985  11.596    0
 3623co2     Oc 1082   1.579   1.078  11.588    0
 3623co2     Oc 1083   1.710   0.890  11.603    0
 3624co2     Co 1084   0.569   4.454   8.685    0
 3624co2     Oc 1085   0.647   0.020   8.634    0
 3624co2     Oc 1086   0.479   4.387   8.729    0
 3625co2     Co 1087   2.692   0.777  46.772    0
 3625co2     Oc 1088   2.774   0.704  46.817    0
 3625co2     Oc 1089   2.642   0.869  46.726    0
 3626co2     Co 1090   2.493   2.680  39.347    0
 3626co2     Oc 1091   2.556   2.642  39.438    0
 3626co2     Oc 1092   2.419   2.734  39.272    0
 3627co2     Co 1093   0.764   3.053  15.157    0
 3627co2     Oc 1094   0.654   3.090  15.144    0
 3627co2     Oc 1095   0.867   3.007  15.159    0
 3628co2     Co 1096   0.999   1.608  29.674    2
 3628co2     Oc 1097   1.104   1.650  29.705    2
 3628co2     Oc 1098   0.895   1.573  29.639    2
 3629co2     Co 1099   1.692   3.704  13.301    0
 3629co2     Oc 1100   1.674   3.745  13.404    0
 3629co2     Oc 1101   1.715   3.662  13.189    0
 3630co2     Co 1102   1.544   2.190   0.780    0
 3630co2     Oc 1103   1.549   2.089   0.841    0
 3630co2     Oc 1104   1.550   2.298   0.733    0
 3631co2     Co 1105   1.096   3.424  47.251    0
 3631co2     Oc 1106   1.036   3.488  47.176    0
 3631co2     Oc 1107   1.156   3.371  47.336    0
 3632co2     Co 1108   1.383   1.338  13.161    0
 3632co2     Oc 1109   1.498   1.337  13.181    0
 3632co2     Oc 1110   1.271   1.324  13.165    0
 3633co2     Co 1111   0.229   1.922  15.085    0
 3633co2     Oc 1112   0.144   1.844  15.117    0
 3633co2     Oc 1113   0.302   2.002  15.049    0
 3634co2     Co 1114   1.367   4.434   4.525    0
 3634co2     Oc 1115   1.305   4.397   4.433    0
 3634co2     Oc 1116   1.417   4.498   4.603    0
 3635co2     Co 1117   1.606   2.473  36.030    0
 3635co2     Oc 1118   1.511   2.459  36.095    0
 3635co2     Oc 1119   1.691   2.480  35.953    0
 3636co2     Co 1120   3.539   2.390  37.978    0
 3636co2     Oc 1121   3.646   2.372  38.021    0
 3636co2     Oc 1122   3.440   2.413  37.925    0
 3637co2     Co 1123   0.115   4.116  31.219    2
 3637co2     Oc 1124   0.093   4.135  31.335    2
 3637co2     Oc 1125   0.144   4.088  31.109    2
 3638co2     Co 1126   1.423   3.413  13.548    0
 3638co2     Oc 1127   1.497   3.318  13.561    0
 3638co2     Oc 1128   1.341   3.499  13.537    0
 3639co2     Co 1129   2.077   1.427  34.703    0
 3639co2     Oc 1130   2.120   1.349  34.776    0
 3639co2     Oc 1131   2.035   1.519  34.640    0
 3640co2     Co 1132   2.131   1.850  17.934    1
 3640co2     Oc 1133   2.079   1.848  17.832    1
 3640co2     Oc 1134   2.196   1.842  18.024    1
 3641co2     Co 1135   0.613   1.754  47.047    0
 3641co2     Oc 1136   0.520   1.731  46.981    0
 3641co2     Oc 1137   0.707   1.769  47.110    0
 3642co2     Co 1138   2.017   1.150  31.961    0
 3642co2     Oc 1139   2.127   1.143  31.929    0
 3642co2     Oc 1140   1.910   1.161  32.007    0
 3643co2     Co 1141   1.933   4.152  18.415    1
 3643co2     Oc 1142   1.836   4.160  18.349    1
 3643co2     Oc 1143   2.030   4.158  18.475    1
 3644co2     Co 1144   1.895   3.017  29.837    2
 3644co2     Oc 1145   1.888   3.115  29.774    2
 3644co2     Oc 1146   1.920   2.912  29.876    2
 3645co2     Co 1147   1.747   1.888  31.933    0
 3645co2     Oc 1148   1.723   1.905  31.828    0
 3645co2     Oc 1149   1.775   1.862  32.045    0
 3646co2     Co 1150   3.376   0.375  30.080    2
 3646co2     Oc 1151   3.309   0.388  29.984    2
 3646co2     Oc 1152   3.429   0.345  30.182    2
 3647co2     Co 1153   0.726   1.844  17.342    1
 3647co2     Oc 1154   0.829   1.844  17.395    1
 3647co2     Oc 1155   0.631   1.851  17.281    1
 3648co2     Co 1156   1.093   1.881  18.043    1
 3648co2     Oc 1157   1.107   1.920  18.145    1
 3648co2     Oc 1158   1.093   1.864  17.928    1
 3649co2     Co 1159   1.930   3.019  11.626    0
 3649co2     Oc 1160   1.930   2.919  11.576    0
 3649co2     Oc 1161   1.940   3.130  11.653    0
 3650co2     Co 1162   1.395   4.089   1.059    0
 3650co2     Oc 1163   1.300   4.108   1.125    0
 3650co2     Oc 1164   1.484   4.085   0.985    0
 3651co2     Co 1165   0.809   3.405   1.747    0
 3651co2     Oc 1166   0.865   3.500   1.795    0
 3651co2     Oc 1167   0.759   3.311   1.693    0
 3652co2     Co 1168   2.808   1.832  16.874    1
 3652co2     Oc 1169   2.766   1.880  16.972    1
 3652co2     Oc 1170   2.859   1.766  16.789    1
 3653co2     Co 1171   0.918   1.857  31.072    2
 3653co2     Oc 1172   1.031   1.841  31.036    2
 3653co2     Oc 1173   0.825   1.880  31.133    2
 3654co2     Co 1174   2.850   1.004   0.649    0
 3654co2     Oc 1175   2.949   0.938   0.628    0
 3654co2     Oc 1176   2.759   1.066   0.653    0
 3655co2     Co 1177   2.946   0.482  28.399    2
 3655co2     Oc 1178   3.018   0.450  28.482    2
 3655co2     Oc 1179   2.890   0.482  28.297    2
 3656co2     Co 1180   1.748   2.627  31.183    2
 3656co2     Oc 1181   1.706   2.562  31.271    2
 3656co2     Oc 1182   1.809   2.666  31.090    2
 3657co2     Co 1183   1.524   1.981  47.470    0
 3657co2     Oc 1184   1.632   1.941  47.491    0
 3657co2     Oc 1185   1.429   2.039  47.448    0
 3658co2     Co 1186   2.033   1.233  45.947    0
 3658co2     Oc 1187   1.993   1.325  46.012    0
 3658co2     Oc 1188   2.077   1.136  45.910    0
 3659co2     Co 1189   3.538   2.499  21.419    0
 3659co2     Oc 1190   3.602   2.485  21.511    0
 3659co2     Oc 1191   3.484   2.546  21.336    0
 3660co2     Co 1192   3.111   0.345  35.875    0
 3660co2     Oc 1193   3.170   0.315  35.781    0
 3660co2     Oc 1194   3.044   0.373  35.964    0
 3661co2     Co 1195   0.505   3.927   1.366    0
 3661co2     Oc 1196   0.608   3.961   1.336    0
 3661co2     Oc 1197   0.397   3.888   1.395    0
 3662co2     Co 1198   0.299   3.236  24.890    0
 3662co2     Oc 1199   0.373   3.192  24.961    0
 3662co2     Oc 1200   0.219   3.290  24.831    0
 3663co2     Co 1201   0.844   3.027  17.304    1
 3663co2     Oc 1202   0.862   2.935  17.377    1
 3663co2     Oc 1203   0.843   3.122  17.238    1
 3664co2     Co 1204   0.047   4.145  17.359    1
 3664co2     Oc 1205   3.635   4.104  17.297    1
 3664co2     Oc 1206   0.137   4.181  17.422    1
 3665co2     Co 1207   2.278   1.874  30.680    2
 3665co2     Oc 1208   2.245   1.964  30.743    2
 3665co2     Oc 1209   2.299   1.789  30.605    2
 3666co2     Co 1210   2.680   0.918  43.776    0
 3666co2     Oc 1211   2.767   0.969  43.832    0
 3666co2     Oc 1212   2.593   0.874  43.706    0
 3667co2     Co 1213   2.401   4.131  31.357    0
 3667co2     Oc 1214   2.469   4.085  31.274    2
 3667co2     Oc 1215   2.325   4.162  31.440    0
 3668co2     Co 1216   2.081   1.885  18.857    1
 3668co2     Oc 1217   1.990   1.826  18.815    1
 3668co2     Oc 1218   2.186   1.932  18.899    1
 3669co2     Co 1219   0.860   4.143  31.109    2
 3669co2     Oc 1220   0.774   4.091  31.178    2
 3669co2     Oc 1221   0.960   4.174  31.062    2
 3670co2     Co 1222   0.001   3.061   0.256    0
 3670co2     Oc 1223   0.092   3.067   0.190    0
 3670co2     Oc 1224   3.588   3.040   0.326    0
 3671co2     Co 1225   1.199   1.594   2.071    0
 3671co2     Oc 1226   1.284   1.594   2.149    0
 3671co2     Oc 1227   1.110   1.601   2.001    0
 3672co2     Co 1228   1.086   1.125  35.912    0
 3672co2     Oc 1229   1.165   1.112  35.993    0
 3672co2     Oc 1230   1.015   1.149  35.830    0
 3673co2     Co 1231   3.546   1.830  11.403    0
 3673co2     Oc 1232   3.527   1.855  11.513    0
 3673co2     Oc 1233   3.571   1.812  11.293    0
 3674co2     Co 1234   0.220   1.052  38.942    0
 3674co2     Oc 1235   0.188   1.162  38.939    0
 3674co2     Oc 1236   0.259   0.942  38.936    0
 3675co2     Co 1237   2.659   3.786   1.842    0
 3675co2     Oc 1238   2.630   3.834   1.945    0
 3675co2     Oc 1239   2.682   3.732   1.742    0
 3676co2     Co 1240   3.387   4.123  31.964    0
 3676co2     Oc 1241   3.334   4.177  31.871    0
 3676co2     Oc 1242   3.443   4.053  32.039    0
 3677co2     Co 1243   0.902   3.372  17.067    1
 3677co2     Oc 1244   0.998   3.371  17.000    1
 3677co2     Oc 1245   0.807   3.386  17.135    1
 3678co2     Co 1246   1.025   0.721  40.914    0
 3678co2     Oc 1247   0.940   0.675  40.976    0
 3678co2     Oc 1248   1.114   0.770  40.857    0
 3679co2     Co 1249   0.560   1.744  28.007    0
 3679co2     Oc 1250   0.527   1.639  28.053    0
 3679co2     Oc 1251   0.591   1.853  27.975    0
 3680co2     Co 1252   1.268   1.824  31.384    0
 3680co2     Oc 1253   1.374   1.827  31.431    0
 3680co2     Oc 1254   1.168   1.819  31.334    2
 3681co2     Co 1255   0.028   4.150  30.827    2
 3681co2     Oc 1256   3.617   4.169  30.880    2
 3681co2     Oc 1257   0.119   4.125  30.760    2
 3682co2     Co 1258   0.562   1.822  31.769    0
 3682co2     Oc 1259   0.673   1.807  31.793    0
 3682co2     Oc 1260   0.449   1.829  31.744    0
 3683co2     Co 1261   3.522   1.994  16.645    0
 3683co2     Oc 1262   3.547   2.074  16.568    0
 3683co2     Oc 1263   3.485   1.907  16.714    1
 3684co2     Co 1264   2.212   0.716  43.445    0
 3684co2     Oc 1265   2.187   0.608  43.414    0
 3684co2     Oc 1266   2.252   0.825  43.468    0
 3685co2     Co 1267   1.833   2.986   4.040    0
 3685co2     Oc 1268   1.768   2.964   4.131    0
 3685co2     Oc 1269   1.877   3.024   3.942    0
 3686co2     Co 1270   1.319   1.576  16.255    0
 3686co2     Oc 1271   1.302   1.589  16.139    0
 3686co2     Oc 1272   1.325   1.550  16.372    0
 3687co2     Co 1273   1.143   0.649  32.125    0
 3687co2     Oc 1274   1.161   0.585  32.031    0
 3687co2     Oc 1275   1.119   0.720  32.220    0
 3688co2     Co 1276   0.761   3.747  44.062    0
 3688co2     Oc 1277   0.796   3.828  44.138    0
 3688co2     Oc 1278   0.748   3.677  43.971    0
 3689co2     Co 1279   3.280   1.870  18.642    1
 3689co2     Oc 1280   3.195   1.846  18.711    1
 3689co2     Oc 1281   3.380   1.889  18.584    1
 3690co2     Co 1282   2.079   2.475  16.099    0
 3690co2     Oc 1283   2.070   2.440  15.990    0
 3690co2     Oc 1284   2.093   2.495  16.210    0
 3691co2     Co 1285   0.032   1.354  12.861    0
 3691co2     Oc 1286   0.111   1.427  12.903    0
 3691co2     Oc 1287   3.637   1.277  12.821    0
 3692co2     Co 1288   2.412   0.346  18.817    1
 3692co2     Oc 1289   2.482   0.344  18.721    1
 3692co2     Oc 1290   2.356   0.337  18.916    1
 3693co2     Co 1291   2.016   1.839  30.483    2
 3693co2     Oc 1292   2.101   1.842  30.406    2
 3693co2     Oc 1293   1.931   1.828  30.558    2
 3694co2     Co 1294   1.285   3.395  17.220    1
 3694co2     Oc 1295   1.174   3.377  17.261    1
 3694co2     Oc 1296   1.388   3.399  17.160    1
 3695co2     Co 1297   1.928   3.882   0.221    0
 3695co2     Oc 1298   2.040   3.849   0.208    0
 3695co2     Oc 1299   1.814   3.922   0.216    0
 3696co2     Co 1300   1.082   1.898  31.793    0
 3696co2     Oc 1301   0.977   1.915  31.843    0
 3696co2     Oc 1302   1.186   1.877  31.747    0
 3697co2     Co 1303   3.416   2.947  17.103    1
 3697co2     Oc 1304   3.334   2.997  17.163    1
 3697co2     Oc 1305   3.485   2.877  17.042    1
 3698co2     Co 1306   3.392   4.442  24.584    1
 3698co2     Oc 1307   3.280   4.446  24.621    1
 3698co2     Oc 1308   3.505   4.446  24.557    1
 3699co2     Co 1309   2.409   1.015  34.462    0
 3699co2     Oc 1310   2.453   1.067  34.553    0
 3699co2     Oc 1311   2.359   0.956  34.370    0
 3700co2     Co 1312   2.403   4.226  29.789    2
 3700co2     Oc 1313   2.432   4.123  29.830    2
 3700co2     Oc 1314   2.377   4.328  29.745    2
 3701co2     Co 1315   1.906   4.123  30.802    2
 3701co2     Oc 1316   1.870   4.149  30.690    2
 3701co2     Oc 1317   1.919   4.080  30.903    2
 3702co2     Co 1318   2.283   4.134  17.225    1
 3702co2     Oc 1319   2.336   4.180  17.317    1
 3702co2     Oc 1320   2.228   4.087  17.141    1
 3703co2     Co 1321   1.821   2.585  27.829    1
 3703co2     Oc 1322   1.819   2.520  27.920    1
 3703co2     Oc 1323   1.847   2.663  27.740    1
 3704co2     Co 1324   2.738   3.300  32.009    0
 3704co2     Oc 1325   2.722   3.189  32.031    0
 3704co2     Oc 1326   2.757   3.411  31.993    0
 3705co2     Co 1327   2.026   3.414  29.934    2
 3705co2     Oc 1328   2.078   3.385  29.836    2
 3705co2     Oc 1329   1.949   3.445  30.014    2
 3706co2     Co 1330   3.022   2.714  36.774    0
 3706co2     Oc 1331   3.097   2.645  36.721    0
 3706co2     Oc 1332   2.955   2.802  36.814    0
 3707co2     Co 1333   0.733   1.859  29.925    2
 3707co2     Oc 1334   0.634   1.797  29.917    2
 3707co2     Oc 1335   0.844   1.893  29.912    2
 3708co2     Co 1336   0.629   1.760  42.256    0
 3708co2     Oc 1337   0.692   1.673  42.213    0
 3708co2     Oc 1338   0.594   1.844  42.326    0
 3709co2     Co 1339   1.101   4.271  43.375    0
 3709co2     Oc 1340   1.025   4.341  43.320    0
 3709co2     Oc 1341   1.170   4.216  43.443    0
 3710co2     Co 1342   1.228   1.620  28.847    2
 3710co2     Oc 1343   1.173   1.568  28.935    2
 3710co2     Oc 1344   1.279   1.690  28.771    2
 3711co2     Co 1345   1.438   0.477  34.204    0
 3711co2     Oc 1346   1.424   0.544  34.296    0
 3711co2     Oc 1347   1.436   0.419  34.105    0
 3712co2     Co 1348   2.539   1.846  30.033    2
 3712co2     Oc 1349   2.651   1.840  30.006    2
 3712co2     Oc 1350   2.433   1.837  30.078    2
 3713co2     Co 1351   2.663   0.257  28.082    2
 3713co2     Oc 1352   2.705   0.264  27.973    2
 3713co2     Oc 1353   2.644   0.250  28.201    2
 3714co2     Co 1354   2.256   0.553  42.834    0
 3714co2     Oc 1355   2.340   0.527  42.909    0
 3714co2     Oc 1356   2.173   0.585  42.760    0
 3715co2     Co 1357   3.140   1.270  32.235    0
 3715co2     Oc 1358   3.054   1.295  32.305    0
 3715co2     Oc 1359   3.231   1.239  32.162    0
 3716co2     Co 1360   2.803   4.105  18.762    1
 3716co2     Oc 1361   2.909   4.111  18.814    1
 3716co2     Oc 1362   2.712   4.076  18.700    1
 3717co2     Co 1363   0.038   1.114  17.265    1
 3717co2     Oc 1364   0.124   1.160  17.323    1
 3717co2     Oc 1365   3.638   1.068  17.199    1
 3718co2     Co 1366   2.117   4.114  30.038    2
 3718co2     Oc 1367   2.009   4.152  30.062    2
 3718co2     Oc 1368   2.222   4.068  30.018    2
 3719co2     Co 1369   1.087   0.116  16.448    0
 3719co2     Oc 1370   1.158   0.021  16.429    0
 3719co2     Oc 1371   1.017   0.205  16.466    0
 3720co2     Co 1372   2.176   4.476  12.962    0
 3720co2     Oc 1373   2.156   4.408  13.056    0
 3720co2     Oc 1374   2.201   0.055  12.872    0
 3721co2     Co 1375   0.011   3.936   3.853    0
 3721co2     Oc 1376   3.648   3.834   3.828    0
 3721co2     Oc 1377   0.027   4.050   3.851    0
 3722co2     Co 1378   1.987   0.093  11.327    0
 3722co2     Oc 1379   2.043   0.176  11.381    0
 3722co2     Oc 1380   1.918   0.011  11.281    0
 3723co2     Co 1381   2.047   1.147  31.555    0
 3723co2     Oc 1382   2.143   1.170  31.615    0
 3723co2     Oc 1383   1.945   1.141  31.499    0
 3724co2     Co 1384   1.443   1.754  16.622    0
 3724co2     Oc 1385   1.356   1.811  16.580    0
 3724co2     Oc 1386   1.535   1.705  16.662    0
 3725co2     Co 1387   3.633   2.214  25.798    0
 3725co2     Oc 1388   3.659   2.323  25.822    0
 3725co2     Oc 1389   3.628   2.100  25.790    0
 3726co2     Co 1390   3.550   4.466  16.660    0
 3726co2     Oc 1391   3.438   4.437  16.653    0
 3726co2     Oc 1392   3.665   4.479  16.676    0
 3727co2     Co 1393   1.425   4.481  48.786    0
 3727co2     Oc 1394   1.333   4.446  48.725    0
 3727co2     Oc 1395   1.523   0.013  48.841    0
 3728co2     Co 1396   2.417   1.836  31.145    2
 3728co2     Oc 1397   2.455   1.838  31.031    2
 3728co2     Oc 1398   2.364   1.837  31.242    2
 3729co2     Co 1399   0.193   2.252  14.390    0
 3729co2     Oc 1400   0.206   2.369  14.388    0
 3729co2     Oc 1401   0.162   2.137  14.378    0
 3730co2     Co 1402   0.587   1.842  30.548    2
 3730co2     Oc 1403   0.475   1.861  30.562    2
 3730co2     Oc 1404   0.696   1.817  30.526    2
 3731co2     Co 1405   0.910   1.517  35.817    0
 3731co2     Oc 1406   0.925   1.413  35.874    0
 3731co2     Oc 1407   0.898   1.622  35.772    0
 3732co2     Co 1408   0.621   3.150  21.992    0
 3732co2     Oc 1409   0.676   3.202  21.908    0
 3732co2     Oc 1410   0.575   3.108  22.088    0
 3733co2     Co 1411   1.657   1.891  18.422    1
 3733co2     Oc 1412   1.545   1.872  18.431    1
 3733co2     Oc 1413   1.765   1.923  18.398    1
 3734co2     Co 1414   1.796   1.952  29.663    2
 3734co2     Oc 1415   1.862   2.043  29.694    2
 3734co2     Oc 1416   1.720   1.867  29.647    2
 3735co2     Co 1417   3.614   2.575  33.676    0
 3735co2     Oc 1418   3.581   2.686  33.694    0
 3735co2     Oc 1419   3.638   2.467  33.643    0
 3736co2     Co 1420   1.233   1.185  28.408    2
 3736co2     Oc 1421   1.347   1.226  28.429    2
 3736co2     Oc 1422   1.128   1.141  28.397    2
 3737co2     Co 1423   3.469   2.815  42.637    0
 3737co2     Oc 1424   3.521   2.833  42.542    0
 3737co2     Oc 1425   3.428   2.796  42.744    0
 3738co2     Co 1426   0.775   4.146  31.685    0
 3738co2     Oc 1427   0.850   4.090  31.745    0
 3738co2     Oc 1428   0.680   4.190  31.642    0
 3739co2     Co 1429   3.134   2.078  28.446    2
 3739co2     Oc 1430   3.065   2.059  28.354    2
 3739co2     Oc 1431   3.197   2.110  28.540    2
 3740co2     Co 1432   2.244   1.660  36.129    0
 3740co2     Oc 1433   2.240   1.553  36.172    0
 3740co2     Oc 1434   2.253   1.761  36.073    0
 3741co2     Co 1435   1.067   2.819  48.019    0
 3741co2     Oc 1436   1.042   2.738  48.100    0
 3741co2     Oc 1437   1.084   2.898  47.929    0
 3742co2     Co 1438   0.471   2.502  21.566    0
 3742co2     Oc 1439   0.374   2.548  21.519    0
 3742co2     Oc 1440   0.558   2.454  21.629    0
 3743co2     Co 1441   1.551   1.916  18.840    1
 3743co2     Oc 1442   1.561   1.945  18.953    1
 3743co2     Oc 1443   1.569   1.874  18.735    1
 3744co2     Co 1444   1.988   4.105  31.261    2
 3744co2     Oc 1445   1.880   4.105  31.309    2
 3744co2     Oc 1446   2.091   4.102  31.207    2
 3745co2     Co 1447   3.069   4.145  31.745    0
 3745co2     Oc 1448   3.007   4.105  31.836    0
 3745co2     Oc 1449   3.112   4.191  31.657    0
 3746co2     Co 1450   2.887   3.375  14.444    0
 3746co2     Oc 1451   3.001   3.399  14.449    0
 3746co2     Oc 1452   2.778   3.342  14.447    0
 3747co2     Co 1453   0.336   3.747  15.231    0
 3747co2     Oc 1454   0.231   3.771  15.198    0
 3747co2     Oc 1455   0.431   3.710  15.287    0
 3748co2     Co 1456   0.564   0.600  44.368    0
 3748co2     Oc 1457   0.484   0.669  44.396    0
 3748co2     Oc 1458   0.655   0.544  44.324    0
 3749co2     Co 1459   2.809   2.061   0.439    0
 3749co2     Oc 1460   2.799   1.964   0.499    0
 3749co2     Oc 1461   2.822   2.165   0.384    0
 3750co2     Co 1462   0.095   1.875  31.605    0
 3750co2     Oc 1463   0.021   1.927  31.677    0
 3750co2     Oc 1464   0.178   1.821  31.543    0
 3751co2     Co 1465   0.556   1.174  30.857    2
 3751co2     Oc 1466   0.441   1.169  30.862    2
 3751co2     Oc 1467   0.668   1.174  30.863    2
 3752co2     Co 1468   1.160   2.652  13.102    0
 3752co2     Oc 1469   1.257   2.707  13.126    0
 3752co2     Oc 1470   1.066   2.599  13.056    0
 3753co2     Co 1471   2.893   4.080  18.286    1
 3753co2     Oc 1472   2.804   4.100  18.214    1
 3753co2     Oc 1473   2.976   4.068  18.357    1
 3754co2     Co 1474   2.934   4.419  36.175    0
 3754co2     Oc 1475   2.938   4.497  36.092    0
 3754co2     Oc 1476   2.921   4.328  36.249    0
 3755co2     Co 1477   0.279   1.269  34.975    0
 3755co2     Oc 1478   0.198   1.256  34.900    0
 3755co2     Oc 1479   0.373   1.304  35.034    0
 3756co2     Co 1480   2.616   2.666  25.767    0
 3756co2     Oc 1481   2.730   2.636  25.789    0
 3756co2     Oc 1482   2.507   2.687  25.774    0
 3757co2     Co 1483   2.063   4.158  17.566    1
 3757co2     Oc 1484   2.108   4.151  17.460    1
 3757co2     Oc 1485   2.011   4.172  17.668    1
 3758co2     Co 1486   2.461   1.170  15.745    0
 3758co2     Oc 1487   2.370   1.220  15.696    0
 3758co2     Oc 1488   2.557   1.132  15.790    0
 3759co2     Co 1489   3.205   0.541  43.402    0
 3759co2     Oc 1490   3.147   0.479  43.478    0
 3759co2     Oc 1491   3.279   0.584  43.318    0
 3760co2     Co 1492   2.826   0.593  12.698    0
 3760co2     Oc 1493   2.880   0.507  12.761    0
 3760co2     Oc 1494   2.777   0.677  12.638    0
 3761co2     Co 1495   3.081   1.120  18.099    1
 3761co2     Oc 1496   3.165   1.162  18.170    1
 3761co2     Oc 1497   2.993   1.054  18.054    1
 3762co2     Co 1498   0.444   4.306  39.983    0
 3762co2     Oc 1499   0.481   4.199  40.005    0
 3762co2     Oc 1500   0.404   4.410  39.941    0
   3.42600   4.50000  48.50000