RGP - count-left-right.py
3328
 3263co2     Co    1   2.923   4.136  26.807     
 3263co2     Oc    2   3.003   4.130  26.727     
 3263co2     Oc    3   2.858   4.150  26.901     
 3264co2     Co    4   1.760   4.473  25.577     
 3264co2     Oc    5   1.695   4.428  25.494     
 3264co2     Oc    6   1.832   0.024  25.656     
 3265co2     Co    7   1.264   1.871  17.631    1
 3265co2     Oc    8   1.242   1.864  17.745    1
 3265co2     Oc    9   1.284   1.883  17.516    1
 3266co2     Co   10   0.692   4.149  18.700    1
 3266co2     Oc   11   0.713   4.165  18.814    1
 3266co2     Oc   12   0.680   4.110  18.588    1
 3267co2     Co   13   0.377   4.355  24.764    1
 3267co2     Oc   14   0.429   4.453  24.729    1
 3267co2     Oc   15   0.342   4.272  24.827    1
 3268co2     Co   16   1.285   3.356  22.007    1
 3268co2     Oc   17   1.221   3.270  21.962    1
 3268co2     Oc   18   1.343   3.448  22.037    1
 3269co2     Co   19   1.031   1.130  31.926    0
 3269co2     Oc   20   0.984   1.172  31.828    0
 3269co2     Oc   21   1.076   1.089  32.022    0
 3270co2     Co   22   0.378   1.895  17.598    1
 3270co2     Oc   23   0.285   1.885  17.674    1
 3270co2     Oc   24   0.463   1.920  17.527    1
 3271co2     Co   25   0.386   1.656  28.807    2
 3271co2     Oc   26   0.386   1.702  28.703    2
 3271co2     Oc   27   0.371   1.614  28.915    2
 3272co2     Co   28   3.058   1.887  17.686    1
 3272co2     Oc   29   3.023   1.821  17.773    1
 3272co2     Oc   30   3.106   1.943  17.592    1
 3273co2     Co   31   1.033   2.526  26.731    1
 3273co2     Oc   32   0.921   2.518  26.701    1
 3273co2     Oc   33   1.146   2.540  26.749    1
 3274co2     Co   34   2.338   4.308  28.921    2
 3274co2     Oc   35   2.324   4.352  29.026    2
 3274co2     Oc   36   2.341   4.260  28.817    2
 3275co2     Co   37   1.733   4.075  17.720    1
 3275co2     Oc   38   1.636   4.045  17.771    1
 3275co2     Oc   39   1.824   4.104  17.658    1
 3276co2     Co   40   2.008   0.592  36.771    0
 3276co2     Oc   41   1.925   0.527  36.720    0
 3276co2     Oc   42   2.097   0.656  36.826    0
 3277co2     Co   43   3.455   1.873  18.701    1
 3277co2     Oc   44   3.380   1.928  18.765    1
 3277co2     Oc   45   3.519   1.822  18.617    1
 3278co2     Co   46   0.104   2.313  46.600    0
 3278co2     Oc   47   0.115   2.427  46.576    0
 3278co2     Oc   48   0.104   2.205  46.637    0
 3279co2     Co   49   0.388   2.346   5.330    0
 3279co2     Oc   50   0.413   2.454   5.301    0
 3279co2     Oc   51   0.351   2.242   5.360    0
 3280co2     Co   52   0.854   1.878  18.429    1
 3280co2     Oc   53   0.742   1.887  18.417    1
 3280co2     Oc   54   0.963   1.867  18.458    1
 3281co2     Co   55   1.969   2.087  35.161    0
 3281co2     Oc   56   1.921   2.083  35.265    0
 3281co2     Oc   57   2.012   2.103  35.054    0
 3282co2     Co   58   3.528   2.387  28.802    2
 3282co2     Oc   59   3.641   2.401  28.813    2
 3282co2     Oc   60   3.413   2.375  28.790    2
 3283co2     Co   61   1.515   0.732  33.122    0
 3283co2     Oc   62   1.579   0.727  33.026    0
 3283co2     Oc   63   1.453   0.762  33.222    0
 3284co2     Co   64   1.154   0.912  10.936    0
 3284co2     Oc   65   1.167   0.852  10.839    0
 3284co2     Oc   66   1.161   0.965  11.040    0
 3285co2     Co   67   1.101   1.535  22.950    0
 3285co2     Oc   68   1.037   1.553  23.043    0
 3285co2     Oc   69   1.165   1.506  22.853    0
 3286co2     Co   70   0.796   0.663   9.468    0
 3286co2     Oc   71   0.738   0.651   9.567    0
 3286co2     Oc   72   0.861   0.692   9.377    0
 3287co2     Co   73   2.132   4.099  17.984    1
 3287co2     Oc   74   2.025   4.093  17.941    1
 3287co2     Oc   75   2.241   4.119  18.014    1
 3288co2     Co   76   2.747   0.908  32.508    0
 3288co2     Oc   77   2.718   0.991  32.438    0
 3288co2     Oc   78   2.772   0.820  32.589    0
 3289co2     Co   79   0.658   2.031  44.613    0
 3289co2     Oc   80   0.657   2.055  44.501    0
 3289co2     Oc   81   0.659   2.007  44.725    0
 3290co2     Co   82   2.075   1.357  21.229    0
 3290co2     Oc   83   2.025   1.344  21.123    0
 3290co2     Oc   84   2.104   1.356  21.344    0
 3291co2     Co   85   2.130   3.521  16.735    1
 3291co2     Oc   86   2.021   3.478  16.748    1
 3291co2     Oc   87   2.239   3.553  16.723    1
 3292co2     Co   88   2.924   1.961  32.014    0
 3292co2     Oc   89   2.946   1.893  31.928    0
 3292co2     Oc   90   2.899   2.027  32.101    0
 3293co2     Co   91   3.196   2.910  22.809    0
 3293co2     Oc   92   3.195   3.018  22.857    0
 3293co2     Oc   93   3.190   2.795  22.773    0
 3294co2     Co   94   0.233   3.138   0.829    0
 3294co2     Oc   95   0.349   3.149   0.798    0
 3294co2     Oc   96   0.125   3.124   0.861    0
 3295co2     Co   97   1.286   4.140  16.840    1
 3295co2     Oc   98   1.205   4.162  16.756    1
 3295co2     Oc   99   1.370   4.117  16.921    1
 3296co2     Co  100   1.623   4.123  18.204    1
 3296co2     Oc  101   1.586   4.096  18.313    1
 3296co2     Oc  102   1.643   4.160  18.096    1
 3297co2     Co  103   0.676   1.961  16.713    1
 3297co2     Oc  104   0.742   2.003  16.796    1
 3297co2     Oc  105   0.601   1.915  16.634    0
 3298co2     Co  106   0.340   2.722  26.267    0
 3298co2     Oc  107   0.271   2.643  26.218    0
 3298co2     Oc  108   0.409   2.801  26.309    0
 3299co2     Co  109   1.511   1.918  31.459    0
 3299co2     Oc  110   1.610   1.882  31.503    0
 3299co2     Oc  111   1.401   1.938  31.426    0
 3300co2     Co  112   2.095   1.841  17.994    1
 3300co2     Oc  113   2.036   1.800  17.902    1
 3300co2     Oc  114   2.157   1.893  18.080    1
 3301co2     Co  115   2.306   4.140  18.748    1
 3301co2     Oc  116   2.192   4.133  18.759    1
 3301co2     Oc  117   2.421   4.120  18.745    1
 3302co2     Co  118   0.921   4.092  17.088    1
 3302co2     Oc  119   0.953   4.056  16.984    1
 3302co2     Oc  120   0.878   4.121  17.196    1
 3303co2     Co  121   2.503   1.963  33.822    0
 3303co2     Oc  122   2.590   2.011  33.895    0
 3303co2     Oc  123   2.425   1.929  33.745    0
 3304co2     Co  124   3.385   2.989  16.902    1
 3304co2     Oc  125   3.278   3.042  16.913    1
 3304co2     Oc  126   3.491   2.936  16.888    1
 3305co2     Co  127   2.299   1.152  29.655    2
 3305co2     Oc  128   2.398   1.203  29.620    2
 3305co2     Oc  129   2.190   1.112  29.664    2
 3306co2     Co  130   2.117   1.981  42.303    0
 3306co2     Oc  131   2.197   1.958  42.222    0
 3306co2     Oc  132   2.036   2.018  42.378    0
 3307co2     Co  133   0.192   4.200  18.618    1
 3307co2     Oc  134   0.083   4.194  18.601    1
 3307co2     Oc  135   0.307   4.199  18.650    1
 3308co2     Co  136   1.051   3.276  20.550    1
 3308co2     Oc  137   1.133   3.223  20.487    1
 3308co2     Oc  138   0.967   3.332  20.609    1
 3309co2     Co  139   0.253   2.126  28.748    2
 3309co2     Oc  140   0.197   2.202  28.818    2
 3309co2     Oc  141   0.322   2.073  28.669    2
 3310co2     Co  142   3.466   2.845  34.884    0
 3310co2     Oc  143   3.364   2.869  34.831    0
 3310co2     Oc  144   3.550   2.806  34.961    0
 3311co2     Co  145   1.524   1.914  17.169    1
 3311co2     Oc  146   1.422   1.935  17.219    1
 3311co2     Oc  147   1.622   1.888  17.108    1
 3312co2     Co  148   1.769   2.982  12.217    0
 3312co2     Oc  149   1.778   3.017  12.103    0
 3312co2     Oc  150   1.744   2.940  12.322    0
 3313co2     Co  151   1.367   2.459  46.489    0
 3313co2     Oc  152   1.336   2.366  46.429    0
 3313co2     Oc  153   1.390   2.561  46.546    0
 3314co2     Co  154   2.057   2.089  43.077    0
 3314co2     Oc  155   2.080   2.004  42.999    0
 3314co2     Oc  156   2.000   2.172  43.140    0
 3315co2     Co  157   0.630   3.367  19.805    0
 3315co2     Oc  158   0.667   3.398  19.694    1
 3315co2     Oc  159   0.603   3.325  19.912    1
 3316co2     Co  160   1.438   2.658  23.876    1
 3316co2     Oc  161   1.348   2.722  23.849    1
 3316co2     Oc  162   1.520   2.587  23.912    1
 3317co2     Co  163   1.829   2.106  36.057    0
 3317co2     Oc  164   1.827   2.083  36.168    0
 3317co2     Oc  165   1.829   2.146  35.945    0
 3318co2     Co  166   0.364   2.360  22.602    0
 3318co2     Oc  167   0.298   2.442  22.547    0
 3318co2     Oc  168   0.435   2.276  22.654    0
 3319co2     Co  169   1.542   1.199  26.465    0
 3319co2     Oc  170   1.574   1.101  26.507    0
 3319co2     Oc  171   1.526   1.313  26.433    0
 3320co2     Co  172   2.662   2.673  28.493    2
 3320co2     Oc  173   2.678   2.585  28.566    2
 3320co2     Oc  174   2.630   2.753  28.423    2
 3321co2     Co  175   3.118   2.194   1.064    0
 3321co2     Oc  176   3.175   2.180   1.167    0
 3321co2     Oc  177   3.058   2.182   0.965    0
 3322co2     Co  178   3.024   1.867  18.956    1
 3322co2     Oc  179   2.923   1.879  18.900    1
 3322co2     Oc  180   3.132   1.859  18.991    1
 3323co2     Co  181   2.050   1.970  28.099    1
 3323co2     Oc  182   2.146   1.941  28.154    1
 3323co2     Oc  183   1.956   2.011  28.045    1
 3324co2     Co  184   3.232   1.865  30.466    2
 3324co2     Oc  185   3.222   1.823  30.360    2
 3324co2     Oc  186   3.221   1.885  30.581    2
 3325co2     Co  187   3.439   4.086  18.754    1
 3325co2     Oc  188   3.554   4.074  18.788    1
 3325co2     Oc  189   3.326   4.093  18.724    1
 3326co2     Co  190   0.542   3.122  28.282    2
 3326co2     Oc  191   0.453   3.088  28.352    2
 3326co2     Oc  192   0.643   3.163  28.235    2
 3327co2     Co  193   2.306   0.487  25.419    2
 3327co2     Oc  194   2.422   0.465  25.408    2
 3327co2     Oc  195   2.203   0.508  25.445    2
 3328co2     Co  196   2.583   3.590  21.991    2
 3328co2     Oc  197   2.685   3.533  22.010    2
 3328co2     Oc  198   2.477   3.630  21.978    2
 3329co2     Co  199   2.843   1.835  17.341    1
 3329co2     Oc  200   2.864   1.822  17.229    1
 3329co2     Oc  201   2.835   1.846  17.457    1
 3330co2     Co  202   1.439   1.129  30.979    2
 3330co2     Oc  203   1.539   1.141  30.916    2
 3330co2     Oc  204   1.334   1.133  31.031    2
 3331co2     Co  205   0.582   1.214  34.843    0
 3331co2     Oc  206   0.682   1.257  34.878    0
 3331co2     Oc  207   0.479   1.205  34.794    0
 3332co2     Co  208   2.268   1.872  31.195    2
 3332co2     Oc  209   2.315   1.877  31.300    2
 3332co2     Oc  210   2.220   1.865  31.087    2
 3333co2     Co  211   1.965   4.138  31.185    2
 3333co2     Oc  212   1.894   4.113  31.269    2
 3333co2     Oc  213   2.029   4.166  31.091    2
 3334co2     Co  214   0.579   2.086  32.280    0
 3334co2     Oc  215   0.590   2.195  32.252    0
 3334co2     Oc  216   0.573   1.969  32.303    0
 3335co2     Co  217   1.137   0.346  30.316    2
 3335co2     Oc  218   1.118   0.364  30.203    2
 3335co2     Oc  219   1.174   0.315  30.421    2
 3336co2     Co  220   1.490   1.179  41.075    0
 3336co2     Oc  221   1.486   1.074  41.028    0
 3336co2     Oc  222   1.487   1.291  41.101    0
 3337co2     Co  223   2.424   4.126  17.031    1
 3337co2     Oc  224   2.465   4.121  17.143    1
 3337co2     Oc  225   2.402   4.123  16.917    1
 3338co2     Co  226   2.658   1.893  25.760    1
 3338co2     Oc  227   2.696   1.863  25.652    1
 3338co2     Oc  228   2.618   1.907  25.869    1
 3339co2     Co  229   0.165   1.917  31.062    2
 3339co2     Oc  230   0.275   1.914  31.099    2
 3339co2     Oc  231   0.053   1.919  31.020    2
 3340co2     Co  232   1.870   2.006  47.716    0
 3340co2     Oc  233   1.849   2.119  47.700    0
 3340co2     Oc  234   1.889   1.897  47.729    0
 3341co2     Co  235   1.953   1.929  30.910    2
 3341co2     Oc  236   1.918   1.921  31.024    2
 3341co2     Oc  237   2.019   1.914  30.815    2
 3342co2     Co  238   2.008   3.204  33.140    0
 3342co2     Oc  239   1.995   3.151  33.041    0
 3342co2     Oc  240   2.032   3.250  33.243    0
 3343co2     Co  241   1.764   2.438  41.275    0
 3343co2     Oc  242   1.825   2.543  41.274    0
 3343co2     Oc  243   1.702   2.336  41.272    0
 3344co2     Co  244   1.407   2.159  24.454    0
 3344co2     Oc  245   1.433   2.146  24.564    0
 3344co2     Oc  246   1.393   2.146  24.344    0
 3345co2     Co  247   1.962   2.419  43.342    0
 3345co2     Oc  248   1.977   2.367  43.447    0
 3345co2     Oc  249   1.958   2.474  43.236    0
 3346co2     Co  250   2.431   1.375   5.095    0
 3346co2     Oc  251   2.486   1.383   5.199    0
 3346co2     Oc  252   2.371   1.368   4.995    0
 3347co2     Co  253   2.396   1.903  18.617    1
 3347co2     Oc  254   2.280   1.917  18.629    1
 3347co2     Oc  255   2.509   1.897  18.596    1
 3348co2     Co  256   2.989   4.137  31.012    2
 3348co2     Oc  257   3.085   4.170  31.068    2
 3348co2     Oc  258   2.882   4.094  30.971    2
 3349co2     Co  259   0.513   2.803  19.025    1
 3349co2     Oc  260   0.525   2.724  18.939    1
 3349co2     Oc  261   0.496   2.880  19.106    1
 3350co2     Co  262   3.650   2.132   9.975    0
 3350co2     Oc  263   3.614   2.052  10.049    0
 3350co2     Oc  264   0.005   2.220   9.908    0
 3351co2     Co  265   0.456   1.057   4.589    0
 3351co2     Oc  266   0.564   1.071   4.546    0
 3351co2     Oc  267   0.344   1.053   4.620    0
 3352co2     Co  268   0.127   4.106  17.410    1
 3352co2     Oc  269   0.007   4.109  17.394    1
 3352co2     Oc  270   0.235   4.095  17.455    1
 3353co2     Co  271   1.294   0.446  25.468    1
 3353co2     Oc  272   1.218   0.444  25.556    1
 3353co2     Oc  273   1.363   0.432  25.381    1
 3354co2     Co  274   0.884   1.103  16.037    0
 3354co2     Oc  275   0.884   1.165  16.132    0
 3354co2     Oc  276   0.873   1.042  15.941    0
 3355co2     Co  277   1.382   4.143  31.212    2
 3355co2     Oc  278   1.487   4.145  31.166    2
 3355co2     Oc  279   1.283   4.143  31.280    2
 3356co2     Co  280   0.488   0.830  17.574    1
 3356co2     Oc  281   0.507   0.908  17.498    1
 3356co2     Oc  282   0.490   0.740  17.652    1
 3357co2     Co  283   0.016   1.901  35.537    0
 3357co2     Oc  284   3.626   1.811  35.536    0
 3357co2     Oc  285   0.090   1.995  35.538    0
 3358co2     Co  286   3.284   3.190  29.805    2
 3358co2     Oc  287   3.180   3.217  29.849    2
 3358co2     Oc  288   3.385   3.145  29.766    2
 3359co2     Co  289   0.829   1.855  30.435    2
 3359co2     Oc  290   0.765   1.886  30.525    2
 3359co2     Oc  291   0.884   1.821  30.343    2
 3360co2     Co  292   0.362   0.308  18.601    1
 3360co2     Oc  293   0.477   0.309  18.577    1
 3360co2     Oc  294   0.242   0.322  18.634    1
 3361co2     Co  295   0.787   3.361  11.691    0
 3361co2     Oc  296   0.841   3.268  11.641    0
 3361co2     Oc  297   0.740   3.441  11.753    0
 3362co2     Co  298   1.358   4.157  18.703    1
 3362co2     Oc  299   1.311   4.193  18.598    1
 3362co2     Oc  300   1.377   4.133  18.815    1
 3363co2     Co  301   2.960   3.401  17.096    1
 3363co2     Oc  302   2.850   3.368  17.124    1
 3363co2     Oc  303   3.072   3.424  17.075    1
 3364co2     Co  304   2.971   4.218   6.216    0
 3364co2     Oc  305   3.016   4.258   6.313    0
 3364co2     Oc  306   2.916   4.171   6.125    0
 3365co2     Co  307   1.117   4.177  13.259    0
 3365co2     Oc  308   1.216   4.118  13.261    0
 3365co2     Oc  309   1.023   4.244  13.279    0
 3366co2     Co  310   2.983   0.783  40.007    0
 3366co2     Oc  311   2.973   0.883  40.074    0
 3366co2     Oc  312   2.979   0.686  39.941    0
 3367co2     Co  313   0.542   2.687  42.602    0
 3367co2     Oc  314   0.466   2.656  42.524    0
 3367co2     Oc  315   0.617   2.696  42.694    0
 3368co2     Co  316   0.447   2.499  47.673    0
 3368co2     Oc  317   0.549   2.443  47.675    0
 3368co2     Oc  318   0.344   2.549  47.676    0
 3369co2     Co  319   3.573   4.156  18.113    1
 3369co2     Oc  320   3.590   4.112  18.221    1
 3369co2     Oc  321   3.572   4.189  18.006    1
 3370co2     Co  322   1.596   1.907  30.740    2
 3370co2     Oc  323   1.476   1.924  30.742    2
 3370co2     Oc  324   1.710   1.919  30.739    2
 3371co2     Co  325   2.771   1.871  30.705    2
 3371co2     Oc  326   2.774   1.812  30.612    2
 3371co2     Oc  327   2.752   1.912  30.809    2
 3372co2     Co  328   1.599   1.488  34.380    0
 3372co2     Oc  329   1.563   1.510  34.487    0
 3372co2     Oc  330   1.648   1.481  34.275    0
 3373co2     Co  331   2.911   2.909  32.022    0
 3373co2     Oc  332   2.921   3.012  32.078    0
 3373co2     Oc  333   2.899   2.806  31.970    0
 3374co2     Co  334   1.752   4.139  30.675    2
 3374co2     Oc  335   1.703   4.044  30.714    2
 3374co2     Oc  336   1.789   4.233  30.619    2
 3375co2     Co  337   0.150   4.150  30.298    2
 3375co2     Oc  338   0.253   4.131  30.345    2
 3375co2     Oc  339   0.056   4.189  30.247    2
 3376co2     Co  340   0.297   1.885  30.201    2
 3376co2     Oc  341   0.347   1.899  30.307    2
 3376co2     Oc  342   0.241   1.893  30.099    2
 3377co2     Co  343   1.959   0.891   3.164    0
 3377co2     Oc  344   1.860   0.914   3.105    0
 3377co2     Oc  345   2.069   0.882   3.204    0
 3378co2     Co  346   1.679   1.844  17.532    1
 3378co2     Oc  347   1.607   1.873  17.446    1
 3378co2     Oc  348   1.750   1.826  17.620    1
 3379co2     Co  349   0.999   3.769  10.106    0
 3379co2     Oc  350   0.946   3.730  10.200    0
 3379co2     Oc  351   1.058   3.811  10.020    0
 3380co2     Co  352   0.548   3.325   0.909    0
 3380co2     Oc  353   0.627   3.339   0.828    0
 3380co2     Oc  354   0.473   3.310   0.994    0
 3381co2     Co  355   1.530   1.876  24.211    0
 3381co2     Oc  356   1.442   1.881  24.128    0
 3381co2     Oc  357   1.613   1.893  24.290    0
 3382co2     Co  358   0.977   4.149  17.633    1
 3382co2     Oc  359   1.091   4.173  17.622    1
 3382co2     Oc  360   0.863   4.135  17.634    1
 3383co2     Co  361   2.277   0.090  23.418    1
 3383co2     Oc  362   2.236   0.080  23.311    1
 3383co2     Oc  363   2.339   0.127  23.508    1
 3384co2     Co  364   1.016   1.844   1.158    0
 3384co2     Oc  365   1.104   1.823   1.083    0
 3384co2     Oc  366   0.934   1.857   1.235    0
 3385co2     Co  367   3.615   4.093  31.521    0
 3385co2     Oc  368   3.667   4.075  31.622    0
 3385co2     Oc  369   3.572   4.107  31.417    0
 3386co2     Co  370   2.461   0.576   5.757    0
 3386co2     Oc  371   2.364   0.521   5.783    0
 3386co2     Oc  372   2.571   0.617   5.745    0
 3387co2     Co  373   3.066   1.789  22.795    0
 3387co2     Oc  374   3.158   1.854  22.823    0
 3387co2     Oc  375   2.981   1.708  22.777    0
 3388co2     Co  376   1.477   1.549  10.396    0
 3388co2     Oc  377   1.391   1.588  10.331    0
 3388co2     Oc  378   1.568   1.506  10.448    0
 3389co2     Co  379   0.529   3.454  36.760    0
 3389co2     Oc  380   0.433   3.397  36.720    0
 3389co2     Oc  381   0.621   3.507  36.804    0
 3390co2     Co  382   2.724   1.738  39.949    0
 3390co2     Oc  383   2.833   1.699  39.919    0
 3390co2     Oc  384   2.619   1.769  39.979    0
 3391co2     Co  385   3.287   2.013  10.591    0
 3391co2     Oc  386   3.220   2.049  10.504    0
 3391co2     Oc  387   3.360   1.978  10.671    0
 3392co2     Co  388   3.019   0.546  35.679    0
 3392co2     Oc  389   2.921   0.554  35.616    0
 3392co2     Oc  390   3.113   0.549  35.743    0
 3393co2     Co  391   3.373   4.082  17.709    1
 3393co2     Oc  392   3.317   4.081  17.814    1
 3393co2     Oc  393   3.434   4.106  17.611    1
 3394co2     Co  394   0.812   0.223  26.171    1
 3394co2     Oc  395   0.838   0.218  26.278    1
 3394co2     Oc  396   0.797   0.220  26.055    1
 3395co2     Co  397   0.748   3.213  44.197    0
 3395co2     Oc  398   0.780   3.137  44.276    0
 3395co2     Oc  399   0.716   3.279  44.106    0
 3396co2     Co  400   2.455   3.395  10.130    0
 3396co2     Oc  401   2.526   3.477  10.090    0
 3396co2     Oc  402   2.359   3.331  10.152    0
 3397co2     Co  403   3.312   4.111  17.167    1
 3397co2     Oc  404   3.386   4.079  17.251    1
 3397co2     Oc  405   3.247   4.138  17.074    1
 3398co2     Co  406   0.707   1.856  30.035    2
 3398co2     Oc  407   0.590   1.863  30.025    2
 3398co2     Oc  408   0.816   1.834  30.054    2
 3399co2     Co  409   3.354   0.241  23.387    2
 3399co2     Oc  410   3.405   0.311  23.465    2
 3399co2     Oc  411   3.286   0.162  23.331    2
 3400co2     Co  412   2.668   0.142  43.613    0
 3400co2     Oc  413   2.685   0.039  43.557    0
 3400co2     Oc  414   2.653   0.247  43.653    0
 3401co2     Co  415   0.315   4.460  28.872    2
 3401co2     Oc  416   0.310   4.455  28.759    2
 3401co2     Oc  417   0.314   4.462  28.984    2
 3402co2     Co  418   2.897   3.383  31.693    0
 3402co2     Oc  419   2.782   3.348  31.692    0
 3402co2     Oc  420   3.005   3.429  31.691    0
 3403co2     Co  421   1.496   1.858  31.061    2
 3403co2     Oc  422   1.417   1.852  31.148    2
 3403co2     Oc  423   1.576   1.851  30.980    2
 3404co2     Co  424   2.148   3.413  19.069    1
 3404co2     Oc  425   2.075   3.427  19.157    1
 3404co2     Oc  426   2.224   3.405  18.974    1
 3405co2     Co  427   3.606   1.830  18.233    1
 3405co2     Oc  428   3.584   1.802  18.127    1
 3405co2     Oc  429   3.654   1.848  18.336    1
 3406co2     Co  430   1.062   0.933   2.912    0
 3406co2     Oc  431   1.055   1.044   2.938    0
 3406co2     Oc  432   1.061   0.823   2.878    0
 3407co2     Co  433   0.718   4.185  42.992    0
 3407co2     Oc  434   0.663   4.139  42.901    0
 3407co2     Oc  435   0.783   4.226  43.073    0
 3408co2     Co  436   2.380   1.855  30.774    2
 3408co2     Oc  437   2.353   1.871  30.665    2
 3408co2     Oc  438   2.406   1.818  30.878    2
 3409co2     Co  439   0.807   3.005   8.830    0
 3409co2     Oc  440   0.853   2.915   8.775    0
 3409co2     Oc  441   0.785   3.099   8.884    0
 3410co2     Co  442   2.606   4.176  17.862    1
 3410co2     Oc  443   2.494   4.198  17.830    1
 3410co2     Oc  444   2.719   4.151  17.891    1
 3411co2     Co  445   2.105   3.416  31.536    0
 3411co2     Oc  446   1.994   3.404  31.501    0
 3411co2     Oc  447   2.214   3.425  31.576    0
 3412co2     Co  448   0.468   1.152  44.874    0
 3412co2     Oc  449   0.537   1.240  44.837    0
 3412co2     Oc  450   0.411   1.052  44.898    0
 3413co2     Co  451   1.479   4.374  36.326    0
 3413co2     Oc  452   1.528   4.369  36.225    0
 3413co2     Oc  453   1.445   4.388  36.431    0
 3414co2     Co  454   0.637   4.087  33.094    0
 3414co2     Oc  455   0.659   4.008  33.012    0
 3414co2     Oc  456   0.621   4.178  33.162    0
 3415co2     Co  457   0.355   1.843  31.537    0
 3415co2     Oc  458   0.411   1.800  31.627    0
 3415co2     Oc  459   0.293   1.881  31.445    0
 3416co2     Co  460   3.039   1.052   6.686    0
 3416co2     Oc  461   2.939   1.024   6.629    0
 3416co2     Oc  462   3.128   1.090   6.744    0
 3417co2     Co  463   2.784   3.532  28.535    2
 3417co2     Oc  464   2.776   3.517  28.647    2
 3417co2     Oc  465   2.780   3.545  28.418    2
 3418co2     Co  466   2.182   4.141  31.640    0
 3418co2     Oc  467   2.132   4.158  31.534    0
 3418co2     Oc  468   2.215   4.129  31.747    0
 3419co2     Co  469   2.957   1.405  22.626    0
 3419co2     Oc  470   2.865   1.339  22.656    0
 3419co2     Oc  471   3.053   1.446  22.576    0
 3420co2     Co  472   0.621   2.476  29.099    2
 3420co2     Oc  473   0.657   2.439  29.204    2
 3420co2     Oc  474   0.595   2.526  28.996    2
 3421co2     Co  475   2.595   0.427  14.885    0
 3421co2     Oc  476   2.660   0.512  14.929    0
 3421co2     Oc  477   2.545   0.331  14.840    0
 3422co2     Co  478   1.079   1.937  21.894    0
 3422co2     Oc  479   1.050   1.980  21.994    0
 3422co2     Oc  480   1.101   1.896  21.788    0
 3423co2     Co  481   2.007   3.098  42.329    0
 3423co2     Oc  482   1.916   3.076  42.403    0
 3423co2     Oc  483   2.092   3.133  42.260    0
 3424co2     Co  484   0.832   1.841  17.983    1
 3424co2     Oc  485   0.876   1.844  17.878    1
 3424co2     Oc  486   0.796   1.875  18.085    1
 3425co2     Co  487   0.991   0.218   7.379    0
 3425co2     Oc  488   1.104   0.217   7.355    0
 3425co2     Oc  489   0.877   0.216   7.418    0
 3426co2     Co  490   0.994   2.722  17.952    1
 3426co2     Oc  491   0.951   2.619  17.910    1
 3426co2     Oc  492   1.046   2.825  17.980    1
 3427co2     Co  493   1.227   4.264  12.192    0
 3427co2     Oc  494   1.234   4.368  12.133    0
 3427co2     Oc  495   1.232   4.162  12.245    0
 3428co2     Co  496   2.697   2.302  24.516    0
 3428co2     Oc  497   2.792   2.240  24.514    0
 3428co2     Oc  498   2.597   2.361  24.529    0
 3429co2     Co  499   0.490   0.885  41.284    0
 3429co2     Oc  500   0.470   0.953  41.189    0
 3429co2     Oc  501   0.507   0.807  41.367    0
 3430co2     Co  502   2.847   3.748  16.615    0
 3430co2     Oc  503   2.760   3.735  16.695    0
 3430co2     Oc  504   2.933   3.744  16.536    0
 3431co2     Co  505   1.810   1.107  18.031    1
 3431co2     Oc  506   1.804   1.026  17.948    1
 3431co2     Oc  507   1.812   1.201  18.103    1
 3432co2     Co  508   2.813   3.136  15.242    0
 3432co2     Oc  509   2.885   3.046  15.223    0
 3432co2     Oc  510   2.742   3.220  15.259    0
 3433co2     Co  511   2.737   2.446  20.952    0
 3433co2     Oc  512   2.756   2.560  20.930    0
 3433co2     Oc  513   2.704   2.344  20.994    0
 3434co2     Co  514   3.116   1.885  30.939    2
 3434co2     Oc  515   3.173   1.883  31.041    2
 3434co2     Oc  516   3.056   1.900  30.838    2
 3435co2     Co  517   3.088   2.723  43.278    0
 3435co2     Oc  518   3.127   2.742  43.171    0
 3435co2     Oc  519   3.051   2.673  43.379    0
 3436co2     Co  520   1.959   1.406   4.745    0
 3436co2     Oc  521   1.867   1.346   4.782    0
 3436co2     Oc  522   2.055   1.461   4.707    0
 3437co2     Co  523   2.409   2.709  28.182    0
 3437co2     Oc  524   2.467   2.801  28.144    0
 3437co2     Oc  525   2.353   2.625  28.234    0
 3438co2     Co  526   3.328   3.683  24.829    0
 3438co2     Oc  527   3.437   3.650  24.808    0
 3438co2     Oc  528   3.219   3.722  24.860    0
 3439co2     Co  529   3.326   1.040  24.013    0
 3439co2     Oc  530   3.312   0.925  24.037    0
 3439co2     Oc  531   3.338   1.159  23.999    0
 3440co2     Co  532   3.633   1.877  46.934    0
 3440co2     Oc  533   0.014   1.887  47.026    0
 3440co2     Oc  534   3.558   1.873  46.856    0
 3441co2     Co  535   0.660   2.152  26.027    0
 3441co2     Oc  536   0.629   2.210  26.122    0
 3441co2     Oc  537   0.686   2.101  25.925    0
 3442co2     Co  538   2.525   4.136  31.497    0
 3442co2     Oc  539   2.621   4.158  31.550    0
 3442co2     Oc  540   2.430   4.125  31.438    0
 3443co2     Co  541   2.980   3.101  28.070    0
 3443co2     Oc  542   3.036   3.068  28.165    0
 3443co2     Oc  543   2.924   3.153  27.977    0
 3444co2     Co  544   3.211   1.103  28.679    2
 3444co2     Oc  545   3.319   1.079  28.662    2
 3444co2     Oc  546   3.098   1.119  28.683    2
 3445co2     Co  547   2.230   1.032  11.734    0
 3445co2     Oc  548   2.269   0.944  11.790    0
 3445co2     Oc  549   2.178   1.108  11.661    0
 3446co2     Co  550   3.400   0.341  18.386    1
 3446co2     Oc  551   3.476   0.323  18.474    1
 3446co2     Oc  552   3.328   0.359  18.296    1
 3447co2     Co  553   0.071   0.880  31.775    0
 3447co2     Oc  554   0.021   0.891  31.675    0
 3447co2     Oc  555   0.128   0.865  31.874    0
 3448co2     Co  556   1.327   1.754  46.829    0
 3448co2     Oc  557   1.261   1.679  46.789    0
 3448co2     Oc  558   1.400   1.824  46.882    0
 3449co2     Co  559   3.207   3.930   3.403    0
 3449co2     Oc  560   3.243   3.865   3.317    0
 3449co2     Oc  561   3.179   3.982   3.508    0
 3450co2     Co  562   2.282   2.505  27.888    0
 3450co2     Oc  563   2.253   2.395  27.862    0
 3450co2     Oc  564   2.308   2.612  27.917    0
 3451co2     Co  565   3.204   1.932  17.081    1
 3451co2     Oc  566   3.095   1.917  17.030    1
 3451co2     Oc  567   3.310   1.944  17.120    1
 3452co2     Co  568   0.386   2.819  20.052    1
 3452co2     Oc  569   0.502   2.816  20.044    1
 3452co2     Oc  570   0.272   2.799  20.046    1
 3453co2     Co  571   3.566   0.018  42.605    0
 3453co2     Oc  572   3.590   4.476  42.711    0
 3453co2     Oc  573   3.541   0.059  42.501    0
 3454co2     Co  574   3.545   0.733  24.103    0
 3454co2     Oc  575   3.538   0.667  24.008    0
 3454co2     Oc  576   3.545   0.796  24.201    0
 3455co2     Co  577   3.642   4.179  39.766    0
 3455co2     Oc  578   3.680   4.283  39.809    0
 3455co2     Oc  579   3.626   4.064  39.739    0
 3456co2     Co  580   0.774   4.448   9.546    0
 3456co2     Oc  581   0.813   4.468   9.441    0
 3456co2     Oc  582   0.719   4.424   9.649    0
 3457co2     Co  583   2.317   0.851  31.785    0
 3457co2     Oc  584   2.218   0.870  31.737    0
 3457co2     Oc  585   2.422   0.840  31.832    0
 3458co2     Co  586   0.092   0.351  30.754    2
 3458co2     Oc  587   0.053   0.355  30.646    2
 3458co2     Oc  588   0.130   0.350  30.864    2
 3459co2     Co  589   3.320   1.041  29.763    2
 3459co2     Oc  590   3.290   0.962  29.687    2
 3459co2     Oc  591   3.365   1.131  29.819    2
 3460co2     Co  592   2.136   1.825  13.795    0
 3460co2     Oc  593   2.243   1.830  13.841    0
 3460co2     Oc  594   2.039   1.827  13.732    0
 3461co2     Co  595   3.120   0.155  40.979    0
 3461co2     Oc  596   3.179   0.255  41.011    0
 3461co2     Oc  597   3.054   0.066  40.952    0
 3462co2     Co  598   0.742   0.854  10.036    0
 3462co2     Oc  599   0.733   0.799   9.935    0
 3462co2     Oc  600   0.750   0.906  10.138    0
 3463co2     Co  601   0.857   3.923  37.592    0
 3463co2     Oc  602   0.881   3.828  37.535    0
 3463co2     Oc  603   0.815   4.019  37.631    0
 3464co2     Co  604   0.114   4.197   1.039    0
 3464co2     Oc  605   0.187   4.284   1.021    0
 3464co2     Oc  606   0.044   4.104   1.052    0
 3465co2     Co  607   0.183   4.186  14.428    0
 3465co2     Oc  608   0.242   4.279  14.474    0
 3465co2     Oc  609   0.114   4.101  14.387    0
 3466co2     Co  610   0.536   2.607  26.007    0
 3466co2     Oc  611   0.484   2.534  26.077    0
 3466co2     Oc  612   0.592   2.675  25.925    0
 3467co2     Co  613   1.856   1.887  31.649    0
 3467co2     Oc  614   1.896   1.826  31.559    0
 3467co2     Oc  615   1.792   1.922  31.741    0
 3468co2     Co  616   1.367   3.216  28.405    2
 3468co2     Oc  617   1.458   3.147  28.425    2
 3468co2     Oc  618   1.285   3.290  28.368    2
 3469co2     Co  619   3.419   4.085  31.183    2
 3469co2     Oc  620   3.331   4.113  31.247    2
 3469co2     Oc  621   3.510   4.043  31.114    2
 3470co2     Co  622   1.147   1.880  31.840    0
 3470co2     Oc  623   1.232   1.839  31.904    0
 3470co2     Oc  624   1.047   1.926  31.794    0
 3471co2     Co  625   0.077   4.117  16.955    1
 3471co2     Oc  626   3.659   4.068  16.943    1
 3471co2     Oc  627   0.177   4.170  16.968    1
 3472co2     Co  628   1.366   3.551  21.353    1
 3472co2     Oc  629   1.349   3.453  21.410    1
 3472co2     Oc  630   1.390   3.659  21.302    1
 3473co2     Co  631   2.476   1.862  30.350    2
 3473co2     Oc  632   2.370   1.830  30.317    2
 3473co2     Oc  633   2.581   1.903  30.381    2
 3474co2     Co  634   1.439   4.110  31.948    0
 3474co2     Oc  635   1.478   4.137  31.848    0
 3474co2     Oc  636   1.405   4.082  32.054    0
 3475co2     Co  637   0.598   3.079  27.889    0
 3475co2     Oc  638   0.499   3.097  27.841    0
 3475co2     Oc  639   0.697   3.075  27.951    0
 3476co2     Co  640   0.849   0.891  28.554    2
 3476co2     Oc  641   0.789   0.793  28.569    2
 3476co2     Oc  642   0.922   0.986  28.533    2
 3477co2     Co  643   2.545   1.836  14.959    0
 3477co2     Oc  644   2.457   1.889  15.015    0
 3477co2     Oc  645   2.626   1.771  14.902    0
 3478co2     Co  646   2.976   2.960  47.822    0
 3478co2     Oc  647   2.990   3.021  47.921    0
 3478co2     Oc  648   2.971   2.899  47.724    0
 3479co2     Co  649   2.463   3.350  17.084    1
 3479co2     Oc  650   2.515   3.403  17.175    1
 3479co2     Oc  651   2.413   3.299  16.989    1
 3480co2     Co  652   3.299   0.748  21.093    1
 3480co2     Oc  653   3.238   0.651  21.080    1
 3480co2     Oc  654   3.377   0.831  21.124    1
 3481co2     Co  655   1.313   3.512   9.397    0
 3481co2     Oc  656   1.291   3.403   9.371    0
 3481co2     Oc  657   1.309   3.622   9.439    0
 3482co2     Co  658   1.102   2.930   4.722    0
 3482co2     Oc  659   1.050   2.826   4.723    0
 3482co2     Oc  660   1.162   3.027   4.715    0
 3483co2     Co  661   2.140   1.875  30.054    2
 3483co2     Oc  662   2.240   1.860  29.998    2
 3483co2     Oc  663   2.045   1.894  30.110    2
 3484co2     Co  664   2.238   4.116  12.969    0
 3484co2     Oc  665   2.166   4.167  12.900    0
 3484co2     Oc  666   2.311   4.073  13.052    0
 3485co2     Co  667   2.537   4.447  42.446    0
 3485co2     Oc  668   2.532   4.389  42.353    0
 3485co2     Oc  669   2.547   0.014  42.542    0
 3486co2     Co  670   2.527   4.095  17.468    1
 3486co2     Oc  671   2.416   4.113  17.504    1
 3486co2     Oc  672   2.638   4.087  17.438    1
 3487co2     Co  673   2.874   2.122   9.146    0
 3487co2     Oc  674   2.952   2.088   9.226    0
 3487co2     Oc  675   2.808   2.163   9.058    0
 3488co2     Co  676   2.323   0.337  18.933    1
 3488co2     Oc  677   2.330   0.373  18.823    1
 3488co2     Oc  678   2.281   0.313  19.038    1
 3489co2     Co  679   2.678   1.022  39.741    0
 3489co2     Oc  680   2.794   1.019  39.750    0
 3489co2     Oc  681   2.563   1.005  39.743    0
 3490co2     Co  682   2.744   1.903  17.959    1
 3490co2     Oc  683   2.709   1.921  17.854    1
 3490co2     Oc  684   2.770   1.895  18.073    1
 3491co2     Co  685   1.676   2.276  41.923    0
 3491co2     Oc  686   1.676   2.251  42.040    0
 3491co2     Oc  687   1.701   2.293  41.806    0
 3492co2     Co  688   2.394   4.248  42.897    0
 3492co2     Oc  689   2.378   4.142  42.852    0
 3492co2     Oc  690   2.426   4.352  42.938    0
 3493co2     Co  691   1.734   2.007  10.865    0
 3493co2     Oc  692   1.635   2.026  10.927    0
 3493co2     Oc  693   1.832   1.976  10.803    0
 3494co2     Co  694   2.265   1.684   5.983    0
 3494co2     Oc  695   2.225   1.754   6.069    0
 3494co2     Oc  696   2.292   1.605   5.909    0
 3495co2     Co  697   2.575   2.463   2.538    0
 3495co2     Oc  698   2.619   2.367   2.562    0
 3495co2     Oc  699   2.518   2.561   2.507    0
 3496co2     Co  700   0.522   1.862  18.026    1
 3496co2     Oc  701   0.551   1.905  17.922    1
 3496co2     Oc  702   0.506   1.809  18.129    1
 3497co2     Co  703   3.330   1.479  34.747    0
 3497co2     Oc  704   3.242   1.518  34.815    0
 3497co2     Oc  705   3.405   1.429  34.682    0
 3498co2     Co  706   0.597   2.432  21.692    0
 3498co2     Oc  707   0.612   2.350  21.610    0
 3498co2     Oc  708   0.553   2.523  21.753    0
 3499co2     Co  709   0.643   2.547   9.465    0
 3499co2     Oc  710   0.601   2.566   9.356    0
 3499co2     Oc  711   0.679   2.550   9.573    0
 3500co2     Co  712   1.391   4.194  17.713    1
 3500co2     Oc  713   1.432   4.190  17.607    1
 3500co2     Oc  714   1.334   4.207  17.814    1
 3501co2     Co  715   2.187   1.232  28.711    2
 3501co2     Oc  716   2.248   1.131  28.731    2
 3501co2     Oc  717   2.141   1.330  28.670    2
 3502co2     Co  718   3.534   1.813  30.754    2
 3502co2     Oc  719   3.435   1.799  30.813    2
 3502co2     Oc  720   3.632   1.818  30.693    2
 3503co2     Co  721   0.589   0.821  15.694    0
 3503co2     Oc  722   0.611   0.932  15.718    0
 3503co2     Oc  723   0.583   0.701  15.680    0
 3504co2     Co  724   2.339   4.130  42.192    0
 3504co2     Oc  725   2.284   4.117  42.290    0
 3504co2     Oc  726   2.393   4.152  42.090    0
 3505co2     Co  727   1.630   0.440  32.554    0
 3505co2     Oc  728   1.522   0.494  32.557    0
 3505co2     Oc  729   1.732   0.384  32.542    0
 3506co2     Co  730   0.496   4.143  40.791    0
 3506co2     Oc  731   0.432   4.232  40.745    0
 3506co2     Oc  732   0.548   4.050  40.844    0
 3507co2     Co  733   0.359   3.886  36.713    0
 3507co2     Oc  734   0.241   3.898  36.707    0
 3507co2     Oc  735   0.471   3.862  36.731    0
 3508co2     Co  736   2.876   0.625  25.615    0
 3508co2     Oc  737   2.810   0.557  25.680    0
 3508co2     Oc  738   2.941   0.700  25.556    0
 3509co2     Co  739   2.108   4.130  17.530    1
 3509co2     Oc  740   2.101   4.139  17.644    1
 3509co2     Oc  741   2.113   4.127  17.415    1
 3510co2     Co  742   2.981   4.091  17.549    1
 3510co2     Oc  743   2.976   4.086  17.430    1
 3510co2     Oc  744   2.984   4.092  17.663    1
 3511co2     Co  745   2.375   4.089  11.795    0
 3511co2     Oc  746   2.488   4.086  11.779    0
 3511co2     Oc  747   2.258   4.068  11.802    0
 3512co2     Co  748   3.060   0.378  35.109    0
 3512co2     Oc  749   3.030   0.267  35.091    0
 3512co2     Oc  750   3.078   0.486  35.135    0
 3513co2     Co  751   0.012   3.723  19.298    1
 3513co2     Oc  752   3.577   3.741  19.308    1
 3513co2     Oc  753   0.123   3.685  19.307    1
 3514co2     Co  754   1.012   1.860  31.469    0
 3514co2     Oc  755   1.046   1.781  31.541    0
 3514co2     Oc  756   0.979   1.942  31.396    0
 3515co2     Co  757   1.481   2.431  12.939    0
 3515co2     Oc  758   1.543   2.522  12.900    0
 3515co2     Oc  759   1.431   2.339  12.986    0
 3516co2     Co  760   2.462   4.002   5.565    0
 3516co2     Oc  761   2.533   4.069   5.507    0
 3516co2     Oc  762   2.382   3.955   5.629    0
 3517co2     Co  763   1.956   1.152  16.342    0
 3517co2     Oc  764   1.914   1.167  16.235    0
 3517co2     Oc  765   1.969   1.134  16.455    0
 3518co2     Co  766   2.722   4.148  18.256    1
 3518co2     Oc  767   2.832   4.177  18.265    1
 3518co2     Oc  768   2.611   4.111  18.245    1
 3519co2     Co  769   2.059   3.717   0.039    0
 3519co2     Oc  770   2.126   3.669   0.120    0
 3519co2     Oc  771   2.002   3.773  48.957    0
 3520co2     Co  772   1.147   1.847  29.478    2
 3520co2     Oc  773   1.140   1.818  29.590    2
 3520co2     Oc  774   1.155   1.883  29.372    2
 3521co2     Co  775   1.808   4.149  18.840    1
 3521co2     Oc  776   1.709   4.195  18.790    1
 3521co2     Oc  777   1.901   4.101  18.901    1
 3522co2     Co  778   1.205   1.913  16.996    1
 3522co2     Oc  779   1.134   1.905  17.088    1
 3522co2     Oc  780   1.289   1.934  16.918    1
 3523co2     Co  781   3.385   0.350  30.270    2
 3523co2     Oc  782   3.275   0.374  30.303    2
 3523co2     Oc  783   3.492   0.314  30.247    2
 3524co2     Co  784   1.865   2.004  39.648    0
 3524co2     Oc  785   1.929   1.962  39.565    0
 3524co2     Oc  786   1.801   2.059  39.723    0
 3525co2     Co  787   3.209   1.858  15.071    0
 3525co2     Oc  788   3.187   1.750  15.036    0
 3525co2     Oc  789   3.239   1.957  15.121    0
 3526co2     Co  790   1.201   1.855  18.279    1
 3526co2     Oc  791   1.234   1.805  18.374    1
 3526co2     Oc  792   1.153   1.897  18.181    1
 3527co2     Co  793   3.605   0.399   3.499    0
 3527co2     Oc  794   3.554   0.422   3.400    0
 3527co2     Oc  795   3.671   0.383   3.591    0
 3528co2     Co  796   1.992   4.065  30.736    2
 3528co2     Oc  797   1.962   4.059  30.848    2
 3528co2     Oc  798   2.025   4.090  30.623    2
 3529co2     Co  799   3.592   0.795  17.885    1
 3529co2     Oc  800   3.621   0.879  17.960    1
 3529co2     Oc  801   3.542   0.734  17.796    1
 3530co2     Co  802   1.875   3.052  32.773    0
 3530co2     Oc  803   1.869   2.936  32.788    0
 3530co2     Oc  804   1.890   3.167  32.760    0
 3531co2     Co  805   0.046   2.422  14.101    0
 3531co2     Oc  806   0.012   2.477  14.012    0
 3531co2     Oc  807   0.064   2.361  14.202    0
 3532co2     Co  808   2.185   1.182  30.647    2
 3532co2     Oc  809   2.297   1.171  30.676    2
 3532co2     Oc  810   2.076   1.196  30.614    2
 3533co2     Co  811   2.022   0.365  43.026    0
 3533co2     Oc  812   1.959   0.371  42.929    0
 3533co2     Oc  813   2.072   0.359  43.128    0
 3534co2     Co  814   1.352   3.674  26.612    0
 3534co2     Oc  815   1.341   3.567  26.573    0
 3534co2     Oc  816   1.377   3.784  26.639    0
 3535co2     Co  817   2.491   1.904  10.893    0
 3535co2     Oc  818   2.399   1.978  10.878    0
 3535co2     Oc  819   2.562   1.816  10.899    0
 3536co2     Co  820   2.261   1.982  37.140    0
 3536co2     Oc  821   2.334   1.937  37.214    0
 3536co2     Oc  822   2.195   2.061  37.078    0
 3537co2     Co  823   1.618   4.187  29.909    2
 3537co2     Oc  824   1.576   4.145  30.010    2
 3537co2     Oc  825   1.654   4.249  29.819    2
 3538co2     Co  826   2.501   4.156  30.290    2
 3538co2     Oc  827   2.383   4.157  30.277    2
 3538co2     Oc  828   2.613   4.165  30.301    2
 3539co2     Co  829   0.673   4.159  31.903    0
 3539co2     Oc  830   0.607   4.174  31.997    0
 3539co2     Oc  831   0.721   4.151  31.804    0
 3540co2     Co  832   3.565   1.084  21.654    0
 3540co2     Oc  833   3.623   1.178  21.690    0
 3540co2     Oc  834   3.494   1.001  21.611    0
 3541co2     Co  835   1.814   2.286   4.311    0
 3541co2     Oc  836   1.861   2.204   4.243    0
 3541co2     Oc  837   1.783   2.381   4.379    0
 3542co2     Co  838   2.003   4.494  26.393    0
 3542co2     Oc  839   1.991   4.434  26.492    0
 3542co2     Oc  840   2.034   0.052  26.299    0
 3543co2     Co  841   0.839   1.874  17.583    1
 3543co2     Oc  842   0.734   1.833  17.583    1
 3543co2     Oc  843   0.941   1.927  17.600    1
 3544co2     Co  844   2.362   1.831  17.706    1
 3544co2     Oc  845   2.410   1.849  17.601    1
 3544co2     Oc  846   2.320   1.831  17.810    1
 3545co2     Co  847   1.874   0.711  31.496    0
 3545co2     Oc  848   1.933   0.785  31.557    0
 3545co2     Oc  849   1.804   0.663  31.416    0
 3546co2     Co  850   1.470   0.290  17.036    1
 3546co2     Oc  851   1.369   0.279  17.086    1
 3546co2     Oc  852   1.570   0.265  16.970    1
 3547co2     Co  853   3.193   4.128  18.130    1
 3547co2     Oc  854   3.107   4.179  18.067    1
 3547co2     Oc  855   3.284   4.065  18.162    1
 3548co2     Co  856   2.505   1.866  18.203    1
 3548co2     Oc  857   2.513   1.797  18.296    1
 3548co2     Oc  858   2.496   1.938  18.107    1
 3549co2     Co  859   0.385   1.743  25.278    1
 3549co2     Oc  860   0.393   1.819  25.187    1
 3549co2     Oc  861   0.366   1.665  25.363    1
 3550co2     Co  862   3.656   2.051  21.418    1
 3550co2     Oc  863   0.051   1.983  21.374    1
 3550co2     Oc  864   3.580   2.121  21.470    1
 3551co2     Co  865   2.741   2.666  42.874    0
 3551co2     Oc  866   2.766   2.600  42.967    0
 3551co2     Oc  867   2.731   2.728  42.776    0
 3552co2     Co  868   0.699   1.841  31.681    0
 3552co2     Oc  869   0.697   1.837  31.795    0
 3552co2     Oc  870   0.708   1.820  31.564    0
 3553co2     Co  871   1.836   3.958  37.952    0
 3553co2     Oc  872   1.764   3.888  38.011    0
 3553co2     Oc  873   1.912   4.025  37.888    0
 3554co2     Co  874   2.809   1.873  31.178    2
 3554co2     Oc  875   2.866   1.823  31.094    2
 3554co2     Oc  876   2.760   1.910  31.279    2
 3555co2     Co  877   2.950   1.840  45.865    0
 3555co2     Oc  878   3.058   1.838  45.906    0
 3555co2     Oc  879   2.836   1.848  45.848    0
 3556co2     Co  880   2.996   4.070  31.418    0
 3556co2     Oc  881   3.091   4.065  31.491    0
 3556co2     Oc  882   2.914   4.085  31.331    2
 3557co2     Co  883   2.754   3.430  30.189    2
 3557co2     Oc  884   2.776   3.445  30.080    2
 3557co2     Oc  885   2.723   3.421  30.301    2
 3558co2     Co  886   0.730   3.813  22.553    2
 3558co2     Oc  887   0.656   3.803  22.646    2
 3558co2     Oc  888   0.785   3.812  22.456    2
 3559co2     Co  889   2.129   3.074  31.753    0
 3559co2     Oc  890   2.109   3.012  31.848    0
 3559co2     Oc  891   2.144   3.147  31.661    0
 3560co2     Co  892   1.462   1.766  39.071    0
 3560co2     Oc  893   1.364   1.816  39.034    0
 3560co2     Oc  894   1.561   1.714  39.108    0
 3561co2     Co  895   2.943   3.776  19.939    0
 3561co2     Oc  896   3.040   3.713  19.951    0
 3561co2     Oc  897   2.856   3.852  19.917    0
 3562co2     Co  898   3.017   2.188  43.651    0
 3562co2     Oc  899   3.009   2.301  43.633    0
 3562co2     Oc  900   3.026   2.073  43.681    0
 3563co2     Co  901   2.341   2.902  16.015    0
 3563co2     Oc  902   2.392   2.977  16.082    0
 3563co2     Oc  903   2.283   2.835  15.936    0
 3564co2     Co  904   1.716   3.747  28.684    2
 3564co2     Oc  905   1.657   3.710  28.779    2
 3564co2     Oc  906   1.782   3.769  28.596    2
 3565co2     Co  907   3.393   4.445   1.400    0
 3565co2     Oc  908   3.291   4.402   1.360    0
 3565co2     Oc  909   3.504   4.479   1.435    0
 3566co2     Co  910   3.286   0.355  33.784    0
 3566co2     Oc  911   3.354   0.376  33.696    0
 3566co2     Oc  912   3.224   0.339  33.877    0
 3567co2     Co  913   3.159   3.373  13.622    0
 3567co2     Oc  914   3.245   3.312  13.587    0
 3567co2     Oc  915   3.086   3.451  13.659    0
 3568co2     Co  916   0.906   1.926  15.701    0
 3568co2     Oc  917   0.839   1.975  15.776    0
 3568co2     Oc  918   0.966   1.852  15.635    0
 3569co2     Co  919   2.258   1.141  16.555    0
 3569co2     Oc  920   2.286   1.027  16.539    0
 3569co2     Oc  921   2.240   1.258  16.566    0
 3570co2     Co  922   0.659   2.189  23.206    0
 3570co2     Oc  923   0.617   2.081  23.221    0
 3570co2     Oc  924   0.676   2.297  23.166    0
 3571co2     Co  925   1.837   4.154  31.909    0
 3571co2     Oc  926   1.935   4.112  31.853    0
 3571co2     Oc  927   1.749   4.211  31.959    0
 3572co2     Co  928   0.226   0.323  35.862    0
 3572co2     Oc  929   0.182   0.221  35.833    0
 3572co2     Oc  930   0.268   0.426  35.881    0
 3573co2     Co  931   1.789   2.472   5.683    0
 3573co2     Oc  932   1.833   2.395   5.769    0
 3573co2     Oc  933   1.756   2.553   5.613    0
 3574co2     Co  934   0.684   2.035  45.261    0
 3574co2     Oc  935   0.584   1.983  45.286    0
 3574co2     Oc  936   0.783   2.102  45.249    0
 3575co2     Co  937   1.939   2.847  21.656    0
 3575co2     Oc  938   2.005   2.863  21.568    0
 3575co2     Oc  939   1.859   2.847  21.745    0
 3576co2     Co  940   0.316   1.179  14.783    0
 3576co2     Oc  941   0.299   1.142  14.889    0
 3576co2     Oc  942   0.313   1.231  14.680    0
 3577co2     Co  943   0.543   2.572  18.619    1
 3577co2     Oc  944   0.439   2.536  18.580    1
 3577co2     Oc  945   0.644   2.605  18.660    1
 3578co2     Co  946   0.115   1.885  31.835    0
 3578co2     Oc  947   0.161   1.893  31.728    0
 3578co2     Oc  948   0.090   1.888  31.950    0
 3579co2     Co  949   1.128   0.536  16.237    0
 3579co2     Oc  950   1.187   0.521  16.332    0
 3579co2     Oc  951   1.062   0.553  16.139    0
 3580co2     Co  952   2.699   4.380  46.134    0
 3580co2     Oc  953   2.752   4.328  46.047    0
 3580co2     Oc  954   2.629   4.437  46.205    0
 3581co2     Co  955   2.880   1.894  18.470    1
 3581co2     Oc  956   2.866   1.911  18.353    1
 3581co2     Oc  957   2.904   1.870  18.580    1
 3582co2     Co  958   1.018   1.194  21.826    1
 3582co2     Oc  959   1.039   1.082  21.864    1
 3582co2     Oc  960   0.984   1.296  21.788    1
 3583co2     Co  961   2.998   1.855  26.967    1
 3583co2     Oc  962   2.921   1.911  26.903    1
 3583co2     Oc  963   3.072   1.784  27.019    1
 3584co2     Co  964   1.801   1.148  30.661    2
 3584co2     Oc  965   1.730   1.172  30.571    2
 3584co2     Oc  966   1.839   1.142  30.772    2
 3585co2     Co  967   0.450   0.160   5.717    0
 3585co2     Oc  968   0.535   0.227   5.757    0
 3585co2     Oc  969   0.362   0.091   5.685    0
 3586co2     Co  970   1.770   2.084  42.671    0
 3586co2     Oc  971   1.753   2.200  42.662    0
 3586co2     Oc  972   1.800   1.970  42.686    0
 3587co2     Co  973   2.014   3.151  47.031    0
 3587co2     Oc  974   1.998   3.230  47.112    0
 3587co2     Oc  975   2.043   3.056  46.974    0
 3588co2     Co  976   1.729   4.096  44.862    0
 3588co2     Oc  977   1.668   4.051  44.942    0
 3588co2     Oc  978   1.780   4.158  44.770    0
 3589co2     Co  979   2.535   2.287  27.608    0
 3589co2     Oc  980   2.435   2.336  27.580    0
 3589co2     Oc  981   2.640   2.253  27.626    0
 3590co2     Co  982   2.933   1.881  30.259    2
 3590co2     Oc  983   2.997   1.903  30.168    2
 3590co2     Oc  984   2.875   1.859  30.356    2
 3591co2     Co  985   0.209   1.674  14.490    0
 3591co2     Oc  986   0.303   1.735  14.468    0
 3591co2     Oc  987   0.114   1.615  14.515    0
 3592co2     Co  988   0.103   3.272  15.850    0
 3592co2     Oc  989   0.122   3.218  15.952    0
 3592co2     Oc  990   0.092   3.346  15.757    0
 3593co2     Co  991   0.653   3.609   4.989    0
 3593co2     Oc  992   0.549   3.556   4.973    0
 3593co2     Oc  993   0.751   3.669   5.002    0
 3594co2     Co  994   1.726   1.215  20.666    0
 3594co2     Oc  995   1.677   1.241  20.565    0
 3594co2     Oc  996   1.787   1.207  20.765    0
 3595co2     Co  997   0.170   1.100  18.581    1
 3595co2     Oc  998   0.180   1.037  18.677    1
 3595co2     Oc  999   0.180   1.177  18.500    1
 3596co2     Co 1000   1.898   1.869  31.266    2
 3596co2     Oc 1001   1.782   1.865  31.276    2
 3596co2     Oc 1002   2.007   1.889  31.283    2
 3597co2     Co 1003   3.089   0.494  32.000    0
 3597co2     Oc 1004   3.060   0.559  32.092    0
 3597co2     Oc 1005   3.126   0.432  31.906    0
 3598co2     Co 1006   3.466   0.997  34.670    0
 3598co2     Oc 1007   3.459   0.883  34.643    0
 3598co2     Oc 1008   3.459   1.116  34.675    0
 3599co2     Co 1009   1.095   2.042  16.568    0
 3599co2     Oc 1010   1.044   2.121  16.635    0
 3599co2     Oc 1011   1.153   1.952  16.529    0
 3600co2     Co 1012   0.213   0.239   6.130    0
 3600co2     Oc 1013   0.243   0.318   6.210    0
 3600co2     Oc 1014   0.189   0.170   6.039    0
 3601co2     Co 1015   3.418   1.485  24.709    0
 3601co2     Oc 1016   3.541   1.467  24.697    0
 3601co2     Oc 1017   3.306   1.512  24.706    0
 3602co2     Co 1018   1.879   2.567  37.410    0
 3602co2     Oc 1019   1.809   2.487  37.370    0
 3602co2     Oc 1020   1.939   2.656  37.440    0
 3603co2     Co 1021   0.786   2.901  28.231    0
 3603co2     Oc 1022   0.880   2.955  28.194    0
 3603co2     Oc 1023   0.683   2.859  28.266    2
 3604co2     Co 1024   0.495   2.480  24.960    2
 3604co2     Oc 1025   0.388   2.447  25.001    2
 3604co2     Oc 1026   0.601   2.522  24.935    2
 3605co2     Co 1027   1.333   0.838  36.551    0
 3605co2     Oc 1028   1.397   0.747  36.517    0
 3605co2     Oc 1029   1.257   0.918  36.588    0
 3606co2     Co 1030   2.306   3.220   5.574    0
 3606co2     Oc 1031   2.323   3.252   5.685    0
 3606co2     Oc 1032   2.282   3.202   5.460    0
 3607co2     Co 1033   0.321   0.977  18.955    1
 3607co2     Oc 1034   0.370   1.085  18.941    1
 3607co2     Oc 1035   0.266   0.876  18.972    1
 3608co2     Co 1036   0.466   4.184  30.138    2
 3608co2     Oc 1037   0.560   4.156  30.201    2
 3608co2     Oc 1038   0.378   4.189  30.069    2
 3609co2     Co 1039   0.769   1.841  31.092    2
 3609co2     Oc 1040   0.881   1.868  31.078    2
 3609co2     Oc 1041   0.661   1.803  31.097    2
 3610co2     Co 1042   1.959   4.090  18.494    1
 3610co2     Oc 1043   2.052   4.107  18.420    1
 3610co2     Oc 1044   1.875   4.072  18.564    1
 3611co2     Co 1045   0.994   4.168  18.039    1
 3611co2     Oc 1046   1.010   4.208  18.139    1
 3611co2     Oc 1047   0.985   4.131  17.929    1
 3612co2     Co 1048   1.538   4.141  17.332    1
 3612co2     Oc 1049   1.650   4.184  17.344    1
 3612co2     Oc 1050   1.440   4.099  17.296    1
 3613co2     Co 1051   3.300   3.878  43.816    0
 3613co2     Oc 1052   3.320   3.796  43.739    0
 3613co2     Oc 1053   3.296   3.953  43.906    0
 3614co2     Co 1054   1.439   2.393  34.131    0
 3614co2     Oc 1055   1.521   2.351  34.056    0
 3614co2     Oc 1056   1.364   2.433  34.207    0
 3615co2     Co 1057   3.080   3.497  48.440    0
 3615co2     Oc 1058   3.000   3.565  48.399    0
 3615co2     Oc 1059   3.154   3.427  48.489    0
 3616co2     Co 1060   3.479   0.563  31.955    0
 3616co2     Oc 1061   3.548   0.619  32.034    0
 3616co2     Oc 1062   3.394   0.504  31.895    0
 3617co2     Co 1063   3.069   2.895  14.041    0
 3617co2     Oc 1064   2.973   2.845  14.000    0
 3617co2     Oc 1065   3.171   2.958  14.057    0
 3618co2     Co 1066   0.784   1.722  28.298    2
 3618co2     Oc 1067   0.686   1.783  28.284    2
 3618co2     Oc 1068   0.888   1.671  28.300    2
 3619co2     Co 1069   1.720   3.548  10.834    0
 3619co2     Oc 1070   1.753   3.647  10.779    0
 3619co2     Oc 1071   1.689   3.450  10.891    0
 3620co2     Co 1072   0.297   4.141  31.752    0
 3620co2     Oc 1073   0.300   4.197  31.658    0
 3620co2     Oc 1074   0.292   4.086  31.857    0
 3621co2     Co 1075   3.585   1.866  31.246    2
 3621co2     Oc 1076   3.675   1.911  31.304    2
 3621co2     Oc 1077   3.508   1.812  31.186    2
 3622co2     Co 1078   1.646   4.069  31.540    0
 3622co2     Oc 1079   1.679   4.066  31.649    0
 3622co2     Oc 1080   1.611   4.075  31.431    0
 3623co2     Co 1081   1.951   0.464  16.747    1
 3623co2     Oc 1082   1.877   0.391  16.792    1
 3623co2     Oc 1083   2.027   0.524  16.684    0
 3624co2     Co 1084   1.554   1.337  44.012    0
 3624co2     Oc 1085   1.463   1.333  44.082    0
 3624co2     Oc 1086   1.656   1.340  43.963    0
 3625co2     Co 1087   1.183   4.063  41.065    0
 3625co2     Oc 1088   1.153   3.998  40.978    0
 3625co2     Oc 1089   1.213   4.142  41.147    0
 3626co2     Co 1090   2.450   1.903  17.285    1
 3626co2     Oc 1091   2.555   1.926  17.233    1
 3626co2     Oc 1092   2.342   1.880  17.326    1
 3627co2     Co 1093   1.640   4.048  14.233    0
 3627co2     Oc 1094   1.580   4.035  14.136    0
 3627co2     Oc 1095   1.689   4.064  14.340    0
 3628co2     Co 1096   0.902   2.038  26.739    0
 3628co2     Oc 1097   0.860   1.935  26.778    0
 3628co2     Oc 1098   0.937   2.138  26.689    0
 3629co2     Co 1099   1.805   1.820  14.748    0
 3629co2     Oc 1100   1.805   1.920  14.690    0
 3629co2     Oc 1101   1.801   1.729  14.820    0
 3630co2     Co 1102   3.566   1.907  17.514    1
 3630co2     Oc 1103   3.673   1.911  17.552    1
 3630co2     Oc 1104   3.470   1.919  17.442    1
 3631co2     Co 1105   3.253   4.309  22.191    1
 3631co2     Oc 1106   3.219   4.253  22.284    1
 3631co2     Oc 1107   3.300   4.379  22.114    1
 3632co2     Co 1108   1.451   1.913  39.736    0
 3632co2     Oc 1109   1.499   1.837  39.657    0
 3632co2     Oc 1110   1.381   2.001  39.772    0
 3633co2     Co 1111   2.045   3.004  38.761    0
 3633co2     Oc 1112   2.110   2.910  38.719    0
 3633co2     Oc 1113   1.977   3.087  38.791    0
 3634co2     Co 1114   1.720   1.707  41.460    0
 3634co2     Oc 1115   1.819   1.658  41.495    0
 3634co2     Oc 1116   1.619   1.753  41.426    0
 3635co2     Co 1117   0.176   2.759  45.314    0
 3635co2     Oc 1118   0.140   2.856  45.365    0
 3635co2     Oc 1119   0.222   2.661  45.268    0
 3636co2     Co 1120   0.045   3.561   7.132    0
 3636co2     Oc 1121   0.035   3.456   7.081    0
 3636co2     Oc 1122   0.072   3.664   7.177    0
 3637co2     Co 1123   2.921   4.090  30.494    2
 3637co2     Oc 1124   2.934   4.092  30.378    2
 3637co2     Oc 1125   2.897   4.074  30.604    2
 3638co2     Co 1126   1.294   0.328  16.736    1
 3638co2     Oc 1127   1.346   0.423  16.774    1
 3638co2     Oc 1128   1.255   0.226  16.701    1
 3639co2     Co 1129   1.693   1.823  18.302    1
 3639co2     Oc 1130   1.582   1.842  18.293    1
 3639co2     Oc 1131   1.806   1.809  18.297    1
 3640co2     Co 1132   2.863   0.316  17.145    1
 3640co2     Oc 1133   2.763   0.291  17.195    1
 3640co2     Oc 1134   2.975   0.327  17.097    1
 3641co2     Co 1135   3.348   1.859  31.413    0
 3641co2     Oc 1136   3.433   1.890  31.489    0
 3641co2     Oc 1137   3.265   1.811  31.347    0
 3642co2     Co 1138   0.127   1.874  18.689    1
 3642co2     Oc 1139   0.121   1.936  18.595    1
 3642co2     Oc 1140   0.126   1.810  18.784    1
 3643co2     Co 1141   2.014   1.863  18.703    1
 3643co2     Oc 1142   2.006   1.851  18.822    1
 3643co2     Oc 1143   2.013   1.858  18.589    1
 3644co2     Co 1144   1.008   2.987  16.556    0
 3644co2     Oc 1145   0.959   3.059  16.641    0
 3644co2     Oc 1146   1.055   2.915  16.474    0
 3645co2     Co 1147   2.794   4.111  18.751    1
 3645co2     Oc 1148   2.735   4.137  18.654    1
 3645co2     Oc 1149   2.862   4.083  18.841    1
 3646co2     Co 1150   3.560   1.270  29.609    2
 3646co2     Oc 1151   3.633   1.338  29.667    2
 3646co2     Oc 1152   3.497   1.207  29.538    2
 3647co2     Co 1153   0.603   0.872  37.175    0
 3647co2     Oc 1154   0.627   0.765  37.213    0
 3647co2     Oc 1155   0.579   0.985  37.151    0
 3648co2     Co 1156   0.720   1.606  27.395    0
 3648co2     Oc 1157   0.751   1.528  27.476    0
 3648co2     Oc 1158   0.669   1.669  27.310    0
 3649co2     Co 1159   2.948   4.418  21.930    0
 3649co2     Oc 1160   2.988   4.387  22.034    0
 3649co2     Oc 1161   2.899   4.444  21.826    0
 3650co2     Co 1162   2.237   0.205  16.682    0
 3650co2     Oc 1163   2.209   0.098  16.720    1
 3650co2     Oc 1164   2.268   0.305  16.639    0
 3651co2     Co 1165   2.985   1.856  31.645    0
 3651co2     Oc 1166   2.867   1.877  31.638    0
 3651co2     Oc 1167   3.096   1.820  31.658    0
 3652co2     Co 1168   2.052   1.902  17.412    1
 3652co2     Oc 1169   2.014   1.896  17.308    1
 3652co2     Oc 1170   2.086   1.906  17.520    1
 3653co2     Co 1171   3.216   0.784   6.473    0
 3653co2     Oc 1172   3.264   0.795   6.367    0
 3653co2     Oc 1173   3.168   0.775   6.581    0
 3654co2     Co 1174   1.488   1.656  16.659    0
 3654co2     Oc 1175   1.403   1.632  16.737    1
 3654co2     Oc 1176   1.576   1.661  16.585    0
 3655co2     Co 1177   3.585   1.538  27.963    0
 3655co2     Oc 1178   0.014   1.562  27.951    0
 3655co2     Oc 1179   3.468   1.513  27.979    0
 3656co2     Co 1180   3.400   0.525  26.254    0
 3656co2     Oc 1181   3.443   0.628  26.272    0
 3656co2     Oc 1182   3.353   0.419  26.232    0
 3657co2     Co 1183   2.532   0.724  39.925    0
 3657co2     Oc 1184   2.497   0.656  39.834    0
 3657co2     Oc 1185   2.535   0.804  40.011    0
 3658co2     Co 1186   0.558   4.149  17.917    1
 3658co2     Oc 1187   0.450   4.123  17.939    1
 3658co2     Oc 1188   0.672   4.165  17.895    1
 3659co2     Co 1189   2.539   0.237  19.187    1
 3659co2     Oc 1190   2.564   0.302  19.097    1
 3659co2     Oc 1191   2.505   0.177  19.282    1
 3660co2     Co 1192   0.091   3.638   8.879    0
 3660co2     Oc 1193   3.670   3.608   8.910    0
 3660co2     Oc 1194   0.205   3.654   8.851    0
 3661co2     Co 1195   1.814   2.738  36.772    0
 3661co2     Oc 1196   1.854   2.732  36.659    0
 3661co2     Oc 1197   1.788   2.745  36.881    0
 3662co2     Co 1198   0.582   1.181  21.863    0
 3662co2     Oc 1199   0.671   1.171  21.788    0
 3662co2     Oc 1200   0.498   1.202  21.943    0
 3663co2     Co 1201   1.572   0.225   1.228    0
 3663co2     Oc 1202   1.685   0.207   1.218    0
 3663co2     Oc 1203   1.464   0.264   1.242    0
 3664co2     Co 1204   1.202   4.170  18.311    1
 3664co2     Oc 1205   1.280   4.176  18.222    1
 3664co2     Oc 1206   1.110   4.160  18.383    1
 3665co2     Co 1207   2.739   4.231  41.848    0
 3665co2     Oc 1208   2.833   4.190  41.793    0
 3665co2     Oc 1209   2.642   4.244  41.908    0
 3666co2     Co 1210   2.659   1.448  48.071    0
 3666co2     Oc 1211   2.764   1.420  48.096    0
 3666co2     Oc 1212   2.550   1.490  48.039    0
 3667co2     Co 1213   0.932   0.045  33.501    0
 3667co2     Oc 1214   0.982   0.124  33.428    0
 3667co2     Oc 1215   0.888   4.459  33.559    0
 3668co2     Co 1216   2.568   4.020  48.338    0
 3668co2     Oc 1217   2.655   4.071  48.400    0
 3668co2     Oc 1218   2.491   3.972  48.269    0
 3669co2     Co 1219   0.866   0.359  11.967    0
 3669co2     Oc 1220   0.971   0.388  12.015    0
 3669co2     Oc 1221   0.768   0.341  11.915    0
 3670co2     Co 1222   2.382   1.152   0.059    0
 3670co2     Oc 1223   2.466   1.174  48.987    0
 3670co2     Oc 1224   2.301   1.128   0.134    0
 3671co2     Co 1225   3.274   1.835  18.415    1
 3671co2     Oc 1226   3.201   1.852  18.498    1
 3671co2     Oc 1227   3.354   1.810  18.335    1
 3672co2     Co 1228   3.549   0.881  39.545    0
 3672co2     Oc 1229   3.641   0.852  39.604    0
 3672co2     Oc 1230   3.460   0.924  39.485    0
 3673co2     Co 1231   0.208   0.461  31.985    0
 3673co2     Oc 1232   0.204   0.574  31.970    0
 3673co2     Oc 1233   0.201   0.344  32.001    0
 3674co2     Co 1234   2.450   1.161  31.698    0
 3674co2     Oc 1235   2.343   1.185  31.714    0
 3674co2     Oc 1236   2.564   1.145  31.675    0
 3675co2     Co 1237   2.427   1.876  34.356    0
 3675co2     Oc 1238   2.495   1.795  34.321    0
 3675co2     Oc 1239   2.357   1.947  34.394    0
 3676co2     Co 1240   1.541   1.932  42.946    0
 3676co2     Oc 1241   1.591   1.931  43.046    0
 3676co2     Oc 1242   1.494   1.928  42.840    0
 3677co2     Co 1243   2.266   1.615  22.459    0
 3677co2     Oc 1244   2.192   1.618  22.364    0
 3677co2     Oc 1245   2.350   1.616  22.539    0
 3678co2     Co 1246   2.342   3.517  44.793    0
 3678co2     Oc 1247   2.393   3.575  44.873    0
 3678co2     Oc 1248   2.275   3.455  44.720    0
 3679co2     Co 1249   0.721   4.025  36.443    0
 3679co2     Oc 1250   0.648   3.935  36.439    0
 3679co2     Oc 1251   0.801   4.107  36.434    0
 3680co2     Co 1252   3.493   0.516  30.616    2
 3680co2     Oc 1253   3.532   0.610  30.674    2
 3680co2     Oc 1254   3.449   0.429  30.558    2
 3681co2     Co 1255   3.342   2.428   0.754    0
 3681co2     Oc 1256   3.407   2.495   0.685    0
 3681co2     Oc 1257   3.276   2.353   0.810    0
 3682co2     Co 1258   2.060   3.928   9.112    0
 3682co2     Oc 1259   2.039   3.868   9.207    0
 3682co2     Oc 1260   2.075   3.982   9.007    0
 3683co2     Co 1261   2.026   4.158  17.115    1
 3683co2     Oc 1262   1.913   4.138  17.145    1
 3683co2     Oc 1263   2.132   4.162  17.075    1
 3684co2     Co 1264   3.076   1.476  13.457    0
 3684co2     Oc 1265   2.960   1.492  13.445    0
 3684co2     Oc 1266   3.194   1.469  13.466    0
 3685co2     Co 1267   3.355   1.869  31.877    0
 3685co2     Oc 1268   3.338   1.840  31.985    0
 3685co2     Oc 1269   3.360   1.911  31.773    0
 3686co2     Co 1270   1.286   0.193  20.982    0
 3686co2     Oc 1271   1.257   0.084  20.973    0
 3686co2     Oc 1272   1.315   0.305  20.979    0
 3687co2     Co 1273   0.701   1.884   0.441    0
 3687co2     Oc 1274   0.664   1.870   0.553    0
 3687co2     Oc 1275   0.741   1.914   0.337    0
 3688co2     Co 1276   0.492   4.103  18.311    1
 3688co2     Oc 1277   0.573   4.159  18.250    1
 3688co2     Oc 1278   0.410   4.043  18.368    1
 3689co2     Co 1279   3.537   1.845  30.329    2
 3689co2     Oc 1280   3.495   1.876  30.433    2
 3689co2     Oc 1281   3.587   1.835  30.227    2
 3690co2     Co 1282   2.773   2.181  38.473    0
 3690co2     Oc 1283   2.683   2.241  38.528    0
 3690co2     Oc 1284   2.856   2.117  38.428    0
 3691co2     Co 1285   0.115   1.917  17.918    1
 3691co2     Oc 1286   0.221   1.893  17.954    1
 3691co2     Oc 1287   0.015   1.936  17.865    1
 3692co2     Co 1288   3.674   0.344  23.609    1
 3692co2     Oc 1289   3.648   0.453  23.636    1
 3692co2     Oc 1290   0.032   0.247  23.569    1
 3693co2     Co 1291   2.464   1.258  27.346    1
 3693co2     Oc 1292   2.454   1.198  27.248    1
 3693co2     Oc 1293   2.487   1.327  27.436    1
 3694co2     Co 1294   0.974   4.103  31.516    0
 3694co2     Oc 1295   0.877   4.116  31.466    0
 3694co2     Oc 1296   1.082   4.104  31.559    0
 3695co2     Co 1297   2.403   1.908  31.600    0
 3695co2     Oc 1298   2.503   1.965  31.580    0
 3695co2     Oc 1299   2.313   1.836  31.626    0
 3696co2     Co 1300   2.270   3.482  47.420    0
 3696co2     Oc 1301   2.298   3.572  47.344    0
 3696co2     Oc 1302   2.250   3.384  47.471    0
 3697co2     Co 1303   1.393   0.833   8.258    0
 3697co2     Oc 1304   1.460   0.902   8.322    0
 3697co2     Oc 1305   1.327   0.754   8.200    0
 3698co2     Co 1306   3.071   2.419  20.496    0
 3698co2     Oc 1307   3.044   2.300  20.485    0
 3698co2     Oc 1308   3.097   2.533  20.502    0
 3699co2     Co 1309   0.865   2.344  16.210    0
 3699co2     Oc 1310   0.956   2.330  16.279    0
 3699co2     Oc 1311   0.777   2.361  16.129    0
 3700co2     Co 1312   2.421   2.662  31.991    0
 3700co2     Oc 1313   2.307   2.654  31.989    0
 3700co2     Oc 1314   2.539   2.660  31.991    0
 3701co2     Co 1315   0.971   3.994  47.701    0
 3701co2     Oc 1316   1.007   3.940  47.604    0
 3701co2     Oc 1317   0.933   4.063  47.782    0
 3702co2     Co 1318   1.063   2.218  26.319    0
 3702co2     Oc 1319   1.056   2.213  26.205    0
 3702co2     Oc 1320   1.064   2.223  26.434    0
 3703co2     Co 1321   0.828   1.077  27.588    0
 3703co2     Oc 1322   0.932   1.069  27.537    0
 3703co2     Oc 1323   0.725   1.071  27.653    0
 3704co2     Co 1324   2.818   3.025  38.226    0
 3704co2     Oc 1325   2.906   3.097  38.230    0
 3704co2     Oc 1326   2.726   2.947  38.221    0
 3705co2     Co 1327   1.850   3.291   7.808    0
 3705co2     Oc 1328   1.864   3.303   7.693    0
 3705co2     Oc 1329   1.819   3.260   7.915    0
 3706co2     Co 1330   0.425   1.906  30.784    2
 3706co2     Oc 1331   0.319   1.874  30.828    2
 3706co2     Oc 1332   0.526   1.937  30.744    2
 3707co2     Co 1333   2.627   4.181  31.096    2
 3707co2     Oc 1334   2.655   4.179  31.216    2
 3707co2     Oc 1335   2.604   4.173  30.984    2
 3708co2     Co 1336   0.630   0.424   2.225    0
 3708co2     Oc 1337   0.590   0.451   2.123    0
 3708co2     Oc 1338   0.649   0.413   2.339    0
 3709co2     Co 1339   1.044   3.511  29.185    2
 3709co2     Oc 1340   1.005   3.602  29.238    2
 3709co2     Oc 1341   1.077   3.420  29.117    2
 3710co2     Co 1342   1.946   2.527  27.894    2
 3710co2     Oc 1343   1.996   2.623  27.938    2
 3710co2     Oc 1344   1.906   2.425  27.862    2
 3711co2     Co 1345   1.917   2.939   1.772    0
 3711co2     Oc 1346   1.962   2.893   1.871    0
 3711co2     Oc 1347   1.869   2.984   1.677    0
 3712co2     Co 1348   1.250   3.074  16.797    1
 3712co2     Oc 1349   1.207   3.181  16.808    1
 3712co2     Oc 1350   1.304   2.971  16.795    1
 3713co2     Co 1351   2.702   2.522  27.419    1
 3713co2     Oc 1352   2.645   2.458  27.342    1
 3713co2     Oc 1353   2.769   2.571  27.497    1
 3714co2     Co 1354   1.071   1.900  18.758    1
 3714co2     Oc 1355   1.173   1.951  18.755    1
 3714co2     Oc 1356   0.973   1.835  18.757    1
 3715co2     Co 1357   0.340   2.715  25.804    1
 3715co2     Oc 1358   0.333   2.609  25.761    1
 3715co2     Oc 1359   0.348   2.815  25.856    1
 3716co2     Co 1360   1.433   2.113  22.693    1
 3716co2     Oc 1361   1.375   2.067  22.607    1
 3716co2     Oc 1362   1.475   2.180  22.782    1
 3717co2     Co 1363   2.752   4.108  39.848    0
 3717co2     Oc 1364   2.810   4.011  39.834    0
 3717co2     Oc 1365   2.691   4.212  39.852    0
 3718co2     Co 1366   3.080   2.629  17.075    1
 3718co2     Oc 1367   3.139   2.667  17.168    1
 3718co2     Oc 1368   3.009   2.570  17.001    1
 3719co2     Co 1369   0.193   0.702  18.400    1
 3719co2     Oc 1370   0.154   0.806  18.355    1
 3719co2     Oc 1371   0.218   0.597  18.434    1
 3720co2     Co 1372   3.225   4.110  28.476    2
 3720co2     Oc 1373   3.332   4.118  28.527    2
 3720co2     Oc 1374   3.132   4.095  28.415    2
 3721co2     Co 1375   2.239   0.877  16.905    1
 3721co2     Oc 1376   2.305   0.784  16.928    1
 3721co2     Oc 1377   2.172   0.964  16.872    1
 3722co2     Co 1378   0.623   0.401  33.924    0
 3722co2     Oc 1379   0.600   0.308  33.864    0
 3722co2     Oc 1380   0.654   0.494  33.992    0
 3723co2     Co 1381   2.026   1.565   5.064    0
 3723co2     Oc 1382   2.091   1.475   5.037    0
 3723co2     Oc 1383   1.957   1.658   5.083    0
 3724co2     Co 1384   0.513   4.176  17.524    1
 3724co2     Oc 1385   0.511   4.204  17.412    1
 3724co2     Oc 1386   0.508   4.119  17.627    1
 3725co2     Co 1387   1.096   2.400  32.288    0
 3725co2     Oc 1388   1.188   2.405  32.222    0
 3725co2     Oc 1389   1.003   2.408  32.358    0
 3726co2     Co 1390   1.141   2.931  47.668    0
 3726co2     Oc 1391   1.038   2.969  47.704    0
 3726co2     Oc 1392   1.244   2.909  47.615    0
 3727co2     Co 1393   1.370   0.148  16.094    0
 3727co2     Oc 1394   1.402   0.045  16.117    0
 3727co2     Oc 1395   1.340   0.260  16.078    0
 3728co2     Co 1396   1.064   1.806  30.841    2
 3728co2     Oc 1397   0.958   1.816  30.797    2
 3728co2     Oc 1398   1.166   1.814  30.898    2
 3729co2     Co 1399   0.703   1.845  17.193    1
 3729co2     Oc 1400   0.594   1.845  17.141    1
 3729co2     Oc 1401   0.809   1.835  17.231    1
 3730co2     Co 1402   0.179   4.166  17.894    1
 3730co2     Oc 1403   0.203   4.168  17.781    1
 3730co2     Oc 1404   0.172   4.171  18.009    1
 3731co2     Co 1405   2.080   4.120  30.144    2
 3731co2     Oc 1406   1.975   4.143  30.177    2
 3731co2     Oc 1407   2.180   4.084  30.099    2
 3732co2     Co 1408   2.667   3.211  25.484    2
 3732co2     Oc 1409   2.641   3.133  25.403    2
 3732co2     Oc 1410   2.693   3.292  25.569    2
 3733co2     Co 1411   3.317   1.874  17.886    1
 3733co2     Oc 1412   3.358   1.843  17.782    1
 3733co2     Oc 1413   3.293   1.914  17.991    1
 3734co2     Co 1414   1.599   0.543  25.111    1
 3734co2     Oc 1415   1.666   0.574  25.205    1
 3734co2     Oc 1416   1.530   0.493  25.030    1
 3735co2     Co 1417   0.728   1.084   2.744    0
 3735co2     Oc 1418   0.708   1.082   2.630    0
 3735co2     Oc 1419   0.738   1.081   2.861    0
 3736co2     Co 1420   3.638   2.596  47.663    0
 3736co2     Oc 1421   3.639   2.659  47.764    0
 3736co2     Oc 1422   3.641   2.525  47.571    0
 3737co2     Co 1423   0.879   2.682  16.839    1
 3737co2     Oc 1424   0.985   2.654  16.881    1
 3737co2     Oc 1425   0.771   2.684  16.800    1
 3738co2     Co 1426   1.845   2.564  30.777    2
 3738co2     Oc 1427   1.953   2.555  30.826    2
 3738co2     Oc 1428   1.750   2.571  30.716    2
 3739co2     Co 1429   0.368   0.484  14.601    0
 3739co2     Oc 1430   0.360   0.507  14.710    0
 3739co2     Oc 1431   0.382   0.471  14.487    0
 3740co2     Co 1432   2.346   2.605  17.925    1
 3740co2     Oc 1433   2.235   2.604  17.887    1
 3740co2     Oc 1434   2.449   2.597  17.971    1
 3741co2     Co 1435   3.005   0.714  45.076    0
 3741co2     Oc 1436   3.041   0.681  45.183    0
 3741co2     Oc 1437   2.977   0.742  44.965    0
 3742co2     Co 1438   3.225   2.701  22.466    0
 3742co2     Oc 1439   3.210   2.586  22.487    0
 3742co2     Oc 1440   3.219   2.813  22.438    0
 3743co2     Co 1441   0.564   1.565  21.593    0
 3743co2     Oc 1442   0.624   1.611  21.507    0
 3743co2     Oc 1443   0.496   1.529  21.678    0
 3744co2     Co 1444   1.557   1.903  18.628    1
 3744co2     Oc 1445   1.667   1.916  18.662    1
 3744co2     Oc 1446   1.448   1.897  18.593    1
 3745co2     Co 1447   0.161   4.196  37.158    0
 3745co2     Oc 1448   0.143   4.124  37.067    0
 3745co2     Oc 1449   0.192   4.255  37.256    0
 3746co2     Co 1450   2.276   4.161  30.946    2
 3746co2     Oc 1451   2.260   4.154  30.830    2
 3746co2     Oc 1452   2.309   4.172  31.053    2
 3747co2     Co 1453   0.549   1.828  18.678    1
 3747co2     Oc 1454   0.459   1.894  18.653    1
 3747co2     Oc 1455   0.651   1.776  18.702    1
 3748co2     Co 1456   3.574   3.408  12.513    0
 3748co2     Oc 1457   3.555   3.349  12.611    0
 3748co2     Oc 1458   3.604   3.474  12.429    0
 3749co2     Co 1459   1.967   1.840  30.485    2
 3749co2     Oc 1460   1.875   1.809  30.543    2
 3749co2     Oc 1461   2.055   1.869  30.415    2
 3750co2     Co 1462   2.012   3.565   9.174    0
 3750co2     Oc 1463   2.003   3.554   9.291    0
 3750co2     Oc 1464   2.010   3.566   9.057    0
 3751co2     Co 1465   3.228   4.032  41.598    0
 3751co2     Oc 1466   3.130   4.087  41.599    0
 3751co2     Oc 1467   3.322   3.971  41.610    0
 3752co2     Co 1468   0.251   2.816   2.146    0
 3752co2     Oc 1469   0.365   2.834   2.138    0
 3752co2     Oc 1470   0.138   2.795   2.153    0
 3753co2     Co 1471   3.484   4.065   1.795    0
 3753co2     Oc 1472   3.534   3.981   1.851    0
 3753co2     Oc 1473   3.428   4.152   1.749    0
 3754co2     Co 1474   2.310   0.680  42.166    0
 3754co2     Oc 1475   2.220   0.683  42.235    0
 3754co2     Oc 1476   2.387   0.674  42.083    0
 3755co2     Co 1477   0.274   2.929  30.970    2
 3755co2     Oc 1478   0.194   2.987  31.032    2
 3755co2     Oc 1479   0.351   2.875  30.898    2
 3756co2     Co 1480   3.009   2.950  27.221    2
 3756co2     Oc 1481   3.079   2.981  27.137    2
 3756co2     Oc 1482   2.941   2.932  27.315    2
 3757co2     Co 1483   3.274   1.634  22.357    2
 3757co2     Oc 1484   3.213   1.726  22.404    2
 3757co2     Oc 1485   3.356   1.554  22.330    2
 3758co2     Co 1486   1.223   2.891  10.538    0
 3758co2     Oc 1487   1.323   2.886  10.607    0
 3758co2     Oc 1488   1.136   2.870  10.469    0
 3759co2     Co 1489   2.162   1.157   6.390    0
 3759co2     Oc 1490   2.049   1.195   6.406    0
 3759co2     Oc 1491   2.268   1.108   6.389    0
 3760co2     Co 1492   1.672   1.885  17.920    1
 3760co2     Oc 1493   1.579   1.829  17.946    1
 3760co2     Oc 1494   1.775   1.942  17.911    1
 3761co2     Co 1495   3.556   1.963   4.035    0
 3761co2     Oc 1496   3.578   1.885   3.950    0
 3761co2     Oc 1497   3.554   2.032   4.130    0
 3762co2     Co 1498   3.620   1.861  17.040    1
 3762co2     Oc 1499   3.635   1.921  17.139    1
 3762co2     Oc 1500   3.603   1.813  16.939    1
