#! FIELDS time d1 d2 restraint.bias
 0.000000 2.571188 2.571188 2.949563
 0.020000 2.568534 2.568534 2.956015
 0.040000 2.566621 2.566621 2.960666
 0.060000 2.565287 2.565287 2.963913
 0.080000 2.563977 2.563977 2.967103
 0.100000 2.562805 2.562805 2.969959
 0.120000 2.562018 2.562018 2.971877
 0.140000 2.560920 2.560920 2.974557
 0.160000 2.559301 2.559301 2.978506
 0.180000 2.558292 2.558292 2.980970
 0.200000 2.557384 2.557384 2.983187
 0.220000 2.555908 2.555908 2.986794
 0.240000 2.555089 2.555089 2.988795
 0.260000 2.554995 2.554995 2.989026
 0.280000 2.554360 2.554360 2.990577
 0.300000 2.553467 2.553467 2.992762
 0.320000 2.553228 2.553228 2.993347
 0.340000 2.553037 2.553037 2.993814
 0.360000 2.552230 2.552230 2.995789
 0.380000 2.551662 2.551662 2.997179
 0.400000 2.551367 2.551367 2.997903
 0.420000 2.550925 2.550925 2.998985
 0.440000 2.550431 2.550431 3.000194
 0.460000 2.550212 2.550212 3.000731
 0.480000 2.550005 2.550005 3.001237
 0.500000 2.549946 2.549946 3.001383
 0.520000 2.550049 2.550049 3.001129
 0.540000 2.550004 2.550004 3.001241
 0.560000 2.550363 2.550363 3.000360
 0.580000 2.551152 2.551152 2.998428
 0.600000 2.551281 2.551281 2.998113
 0.620000 2.551329 2.551329 2.997994
 0.640000 2.552372 2.552372 2.995442
 0.660000 2.553067 2.553067 2.993741
 0.680000 2.553205 2.553205 2.993403
 0.700000 2.554189 2.554189 2.990995
 0.720000 2.547607 2.555552 3.007115
 0.740000 2.539586 2.556042 3.026819
 0.760000 2.531900 2.556934 3.045758
 0.780000 2.523891 2.558580 3.065559
 0.800000 2.517307 2.559249 3.081882
 0.820000 2.511123 2.511123 3.097254
 0.840000 2.504174 2.504174 3.114574
 0.860000 2.497432 2.497432 3.131424
 0.880000 2.492868 2.492868 3.142856
 0.900000 2.486840 2.486840 3.157986
 0.920000 2.479254 2.479254 3.177081
 0.940000 2.472931 2.472931 3.193038
 0.960000 2.467582 2.467582 3.206570
 0.980000 2.461553 2.461553 3.221856
 1.000000 2.455992 2.455992 3.235987
 1.020000 2.452426 2.452426 3.245067
 1.040000 2.447889 2.447889 3.256635
 1.060000 2.442046 2.442046 3.271565
 1.080000 2.436537 2.436537 3.285671
 1.100000 2.430694 2.430694 3.300666
 1.120000 2.422009 2.422009 3.323019
 1.140000 2.414568 2.414568 3.342229
 1.160000 2.409378 2.409378 3.355660
 1.180000 2.403016 2.403016 3.372162
 1.200000 2.396777 2.396777 3.388386
 1.220000 2.393054 2.393054 3.398084
 1.240000 2.389921 2.389921 3.406255
 1.260000 2.385572 2.385572 3.417616
 1.280000 2.381299 2.381299 3.428797
 1.300000 2.377379 2.377379 3.439069
 1.320000 2.372749 2.372749 3.451224
 1.340000 2.368991 2.368991 3.461103
 1.360000 2.366159 2.366159 3.468559
 1.380000 2.361675 2.361675 3.480380
 1.400000 2.356236 2.356236 3.494745
 1.420000 2.352241 2.352241 3.505314
 1.440000 2.348568 2.348568 3.515046
 1.460000 2.343677 2.343677 3.528025
 1.480000 2.339032 2.339032 3.540375
 1.500000 2.335534 2.335534 3.549691
 1.520000 2.331508 2.331508 3.560425
 1.540000 2.326062 2.326062 3.574972
 1.560000 2.321543 2.321543 3.587067
 1.580000 2.316886 2.316886 3.599550
 1.600000 2.312036 2.312036 3.612576
 1.620000 2.308847 2.308847 3.621153
 1.640000 2.306442 2.306442 3.627627
 1.660000 2.302193 2.302193 3.639082
 1.680000 2.298422 2.298422 3.649261
 1.700000 2.296031 2.296031 3.655723
 1.720000 2.293383 2.293383 3.662889
 1.740000 2.289717 2.289717 3.672818
 1.760000 2.287097 2.287097 3.679921
 1.780000 2.285282 2.285282 3.684848
 1.800000 2.281893 2.281893 3.694053
 1.820000 2.278571 2.278571 3.703088
 1.840000 2.276022 2.276022 3.710029
 1.860000 2.273451 2.273451 3.717036
 1.880000 2.270817 2.270817 3.724219
 1.900000 2.269100 2.269100 3.728908
 1.920000 2.267907 2.267907 3.732166
 1.940000 2.265249 2.265249 3.739432
 1.960000 2.262426 2.262426 3.747155
 1.980000 2.261239 2.261239 3.750405
 2.000000 2.259241 2.259241 3.755881
 2.020000 2.255572 2.255572 3.765944
 2.040000 2.253640 2.253640 3.771248
 2.060000 2.252626 2.252626 3.774032
 2.080000 2.249574 2.249574 3.782420
 2.100000 2.246244 2.246244 3.791585
 2.120000 2.244395 2.244395 3.796680
 2.140000 2.242455 2.242455 3.802028
 2.160000 2.239686 2.239686 3.809667
 2.180000 2.237551 2.237551 3.815563
 2.200000 2.236039 2.236039 3.819740
 2.220000 2.233279 2.233279 3.827373
 2.240000 2.230907 2.230907 3.833939
 2.260000 2.230080 2.230080 3.836230
 2.280000 2.228328 2.228328 3.841083
 2.300000 2.225217 2.225217 3.849711
 2.320000 2.223997 2.223997 3.853096
 2.340000 2.223665 2.223665 3.854019
 2.360000 2.221784 2.221784 3.859243
 2.380000 2.220115 2.220115 3.863880
 2.400000 2.219884 2.219884 3.864523
 2.420000 2.219152 2.219152 3.866557
 2.440000 2.217573 2.217573 3.870951
 2.460000 2.216802 2.216802 3.873096
 2.480000 2.216502 2.216502 3.873931
 2.500000 2.215353 2.215353 3.877131
 2.520000 2.214406 2.214406 3.879766
 2.540000 2.214304 2.214304 3.880052
 2.560000 2.213716 2.213716 3.881688
 2.580000 2.212595 2.212595 3.884812
 2.600000 2.212644 2.212644 3.884676
 2.620000 2.213030 2.213030 3.883600
 2.640000 2.212048 2.212048 3.886339
 2.660000 2.211445 2.211445 3.888018
 2.680000 2.212212 2.212212 3.885882
 2.700000 2.212196 2.212196 3.885925
 2.720000 2.211442 2.211442 3.888027
 2.740000 2.211815 2.211815 3.886987
 2.760000 2.212139 2.212139 3.886084
 2.780000 2.211800 2.211800 3.887030
 2.800000 2.211982 2.211982 3.886521
 2.820000 2.212655 2.212655 3.884645
 2.840000 2.212545 2.212545 3.884954
 2.860000 2.212411 2.212411 3.885328
 2.880000 2.213523 2.213523 3.882228
 2.900000 2.214095 2.214095 3.880633
 2.920000 2.213810 2.213810 3.881427
 2.940000 2.214655 2.214655 3.879072
 2.960000 2.215740 2.215740 3.876053
 2.980000 2.215794 2.215794 3.875901
 3.000000 2.216513 2.216513 3.873899
 3.020000 2.217960 2.217960 3.869872
 3.040000 2.218396 2.218396 3.868660
 3.060000 2.218817 2.218817 3.867491
 3.080000 2.220649 2.220649 3.862395
 3.100000 2.221798 2.221798 3.859203
 3.120000 2.222072 2.222072 3.858441
 3.140000 2.223652 2.223652 3.854055
 3.160000 2.225682 2.225682 3.848420
 3.180000 2.226505 2.226505 3.846138
 3.200000 2.227349 2.227349 3.843798
 3.220000 2.229546 2.229546 3.837708
 3.240000 2.231382 2.231382 3.832624
 3.260000 2.232656 2.232656 3.829095
 3.280000 2.234643 2.234643 3.823598
 3.300000 2.237346 2.237346 3.816127
 3.320000 2.239108 2.239108 3.811263
 3.340000 2.240894 2.240894 3.806334
 3.360000 2.243305 2.243305 3.799682
 3.380000 2.244671 2.244671 3.795918
 3.400000 2.245700 2.245700 3.793085
 3.420000 2.247611 2.247611 3.787822
 3.440000 2.249383 2.249383 3.782948
 3.460000 2.250198 2.250198 3.780706
 3.480000 2.251504 2.251504 3.777116
 3.500000 2.254198 2.254198 3.769715
 3.520000 2.256318 2.256318 3.763896
 3.540000 2.258005 2.258005 3.759268
 3.560000 2.260627 2.260627 3.752083
 3.580000 2.263971 2.263971 3.742928
 3.600000 2.266771 2.266771 3.735270
 3.620000 2.270411 2.270411 3.725327
 3.640000 2.274705 2.274705 3.713617
 3.660000 2.277880 2.277880 3.704967
 3.680000 2.280792 2.280792 3.697046
 3.700000 2.283800 2.283800 3.688872
 3.720000 2.287260 2.287260 3.679480
 3.740000 2.290495 2.290495 3.670710
 3.760000 2.294259 2.294259 3.660517
 3.780000 2.298817 2.298817 3.648196
 3.800000 2.302653 2.302653 3.637840
 3.820000 2.305574 2.305574 3.629965
 3.840000 2.310022 2.310022 3.617992
 3.860000 2.314385 2.314385 3.606264
 3.880000 2.317314 2.317314 3.598402
 3.900000 2.320372 2.320372 3.590203
 3.920000 2.324843 2.324843 3.578232
 3.940000 2.329559 2.329559 3.565627
 3.960000 2.332985 2.332985 3.556484
 3.980000 2.336868 2.336868 3.546136
 4.000000 2.341036 2.341036 3.535046
 4.020000 2.344053 2.344053 3.527028
 4.040000 2.347510 2.347510 3.517852
 4.060000 2.352220 2.352220 3.505371
 4.080000 2.357526 2.357526 3.491334
 4.100000 2.362622 2.362622 3.477882
 4.120000 2.367713 2.367713 3.464467
 4.140000 2.372861 2.372861 3.450929
 4.160000 2.377116 2.377116 3.439761
 4.180000 2.381214 2.381214 3.429021
 4.200000 2.385576 2.385576 3.417606
 4.220000 2.389707 2.389707 3.406814
 4.240000 2.394879 2.394879 3.393328
 4.260000 2.400634 2.400634 3.378352
 4.280000 2.405888 2.405888 3.364710
 4.300000 2.410790 2.410790 3.352005
 4.320000 2.416024 2.416024 3.338465
 4.340000 2.421621 2.421621 3.324019
 4.360000 2.427728 2.427728 3.308291
 4.380000 2.434363 2.434363 3.291246
 4.400000 2.439919 2.439919 3.277006
 4.420000 2.444792 2.444792 3.264545
 4.440000 2.449807 2.449807 3.251741
 4.460000 2.454458 2.454458 3.239892
 4.480000 2.459133 2.459133 3.228003
 4.500000 2.462774 2.462774 3.218758
 4.520000 2.466347 2.466347 3.209700
 4.540000 2.469593 2.469593 3.201479
 4.560000 2.473193 2.473193 3.192377
 4.580000 2.478253 2.478253 3.179604
 4.600000 2.483561 2.483561 3.166232
 4.620000 2.487961 2.487961 3.155171
 4.640000 2.492129 2.492129 3.144708
 4.660000 2.495881 2.495881 3.135305
 4.680000 2.499254 2.499254 3.126865
 4.700000 2.502431 2.502431 3.118925
 4.720000 2.505956 2.505956 3.110129
 4.740000 2.509965 2.509965 3.100137
 4.760000 2.514380 2.514380 3.089154
 4.780000 2.518930 2.518930 3.077855
 4.800000 2.524526 2.524526 3.063986
 4.820000 2.529814 2.529814 3.050910
 4.840000 2.534855 2.534855 3.038469
 4.860000 2.539621 2.539621 3.026732
 4.880000 2.544975 2.544975 3.013573
 4.900000 2.550628 2.550628 2.999712
 4.920000 2.555825 2.555825 2.986995
 4.940000 2.561722 2.561722 2.972601
 4.960000 2.568278 2.568278 2.956637
 4.980000 2.575655 2.575655 2.938724
 5.000000 2.583722 2.583722 2.919200
 5.020000 2.592501 2.592501 2.898025
 5.040000 2.601026 2.601026 2.877538
 5.060000 2.609129 2.609129 2.858132
 5.080000 2.615864 2.615864 2.842052
 5.100000 2.622073 2.622073 2.827267
 5.120000 2.628237 2.628237 2.812629
 5.140000 2.635162 2.635162 2.796230
 5.160000 2.641284 2.641284 2.781771
 5.180000 2.647575 2.647575 2.766952
 5.200000 2.655329 2.655329 2.748742
 5.220000 2.663362 2.663362 2.729939
 5.240000 2.671301 2.671301 2.711419
 5.260000 2.681061 2.681061 2.688740
 5.280000 2.691692 2.691692 2.664143
 5.300000 2.700998 2.700998 2.642706
 5.320000 2.708631 2.708631 2.625186
 5.340000 2.717458 2.717458 2.604998
 5.360000 2.727821 2.727821 2.581399
 5.380000 2.737178 2.737178 2.560181
 5.400000 2.744825 2.744825 2.542907
 5.420000 2.753935 2.753935 2.522403
 5.440000 2.763567 2.763567 2.500816
 5.460000 2.772330 2.772330 2.481257
 5.480000 2.779583 2.779583 2.465126
 5.500000 2.786147 2.786147 2.450574
 5.520000 2.793639 2.793639 2.434015
 5.540000 2.799947 2.799947 2.420117
 5.560000 2.808465 2.808465 2.401413
 5.580000 2.818075 2.818075 2.380398
 5.600000 2.826835 2.826835 2.361324
 5.620000 2.836110 2.836110 2.341211
 5.640000 2.845000 2.845000 2.322012
 5.660000 2.852544 2.852544 2.305784
 5.680000 2.859870 2.859870 2.290077
 5.700000 2.866993 2.866993 2.274859
 5.720000 2.873676 2.873676 2.260628
 5.740000 2.880173 2.880173 2.246834
 5.760000 2.886977 2.886977 2.232432
 5.780000 2.893436 2.893436 2.218807
 5.800000 2.901108 2.901108 2.202673
 5.820000 2.909679 2.909679 2.184721
 5.840000 2.919929 2.919929 2.163348
 5.860000 2.927241 2.931250 2.148165
 5.880000 2.922638 2.941537 2.157715
 5.900000 2.918650 2.950768 2.166009
 5.920000 2.915133 2.958814 2.173335
 5.940000 2.911902 2.966215 2.180077
 5.960000 2.909053 2.973096 2.186031
 5.980000 2.906290 2.979969 2.191811
 6.000000 2.903873 2.985824 2.196874
 6.020000 2.901125 2.901125 2.202638
 6.040000 2.898640 2.898640 2.207858
 6.060000 2.895643 2.895643 2.214160
 6.080000 2.892349 2.892349 2.221097
 6.100000 2.888710 2.888710 2.228772
 6.120000 2.885174 2.885174 2.236244
 6.140000 2.881622 2.881622 2.243763
 6.160000 2.877965 2.877965 2.251517
 6.180000 2.874381 2.874381 2.259127
 6.200000 2.871417 2.871417 2.265434
 6.220000 2.868650 2.868650 2.271326
 6.240000 2.865886 2.865886 2.277222
 6.260000 2.863674 2.863674 2.281943
 6.280000 2.861926 2.861926 2.285680
 6.300000 2.860075 2.860075 2.289639
 6.320000 2.857990 2.857990 2.294103
 6.340000 2.856172 2.856172 2.298000
 6.360000 2.854238 2.854238 2.302147
 6.380000 2.852093 2.852093 2.306752
 6.400000 2.849413 2.849413 2.312512
 6.420000 2.847005 2.847005 2.317694
 6.440000 2.844912 2.844912 2.322201
 6.460000 2.842591 2.842591 2.327208
 6.480000 2.840741 2.840741 2.331199
 6.500000 2.839506 2.839506 2.333868
 6.520000 2.838040 2.838040 2.337035
 6.540000 2.836188 2.836188 2.341040
 6.560000 2.834785 2.834785 2.344078
 6.580000 2.833941 2.833941 2.345905
 6.600000 2.832789 2.832789 2.348402
 6.620000 2.831562 2.831562 2.351061
 6.640000 2.830608 2.830608 2.353132
 6.660000 2.829663 2.829663 2.355182
 6.680000 2.828437 2.828437 2.357843
 6.700000 2.827245 2.827245 2.360432
 6.720000 2.826288 2.826288 2.362511
 6.740000 2.825463 2.825463 2.364306
 6.760000 2.824177 2.824177 2.367103
 6.780000 2.823247 2.823247 2.369126
 6.800000 2.822471 2.822471 2.370815
 6.820000 2.821052 2.821052 2.373907
 6.840000 2.819758 2.819758 2.376727
 6.860000 2.819096 2.819096 2.378170
 6.880000 2.818100 2.818100 2.380345
 6.900000 2.816586 2.816586 2.383649
 6.920000 2.815603 2.815603 2.385795
 6.940000 2.815144 2.815144 2.386797
 6.960000 2.813896 2.813896 2.389526
 6.980000 2.812686 2.812686 2.392171
 7.000000 2.812459 2.812459 2.392668
 7.020000 2.811852 2.811852 2.393995
 7.040000 2.810385 2.810385 2.397206
 7.060000 2.809826 2.809826 2.398431
 7.080000 2.809832 2.809832 2.398418
 7.100000 2.809053 2.809053 2.400124
 7.120000 2.808153 2.808153 2.402096
 7.140000 2.808181 2.808181 2.402036
 7.160000 2.808086 2.808086 2.402244
 7.180000 2.807467 2.807467 2.403600
 7.200000 2.807420 2.807420 2.403704
 7.220000 2.807514 2.807514 2.403497
 7.240000 2.807126 2.807126 2.404348
 7.260000 2.806899 2.806899 2.404847
 7.280000 2.807093 2.807093 2.404420
 7.300000 2.807071 2.807071 2.404468
 7.320000 2.806768 2.806768 2.405133
 7.340000 2.806923 2.806923 2.404793
 7.360000 2.807244 2.807244 2.404090
 7.380000 2.807079 2.807079 2.404451
 7.400000 2.807049 2.807049 2.404518
 7.420000 2.807638 2.807638 2.403226
 7.440000 2.808093 2.808093 2.402228
 7.460000 2.807953 2.807953 2.402536
 7.480000 2.808149 2.808149 2.402106
 7.500000 2.809005 2.809005 2.400229
 7.520000 2.809501 2.809501 2.399143
 7.540000 2.809369 2.809369 2.399433
 7.560000 2.809992 2.809992 2.398068
 7.580000 2.811554 2.811554 2.394649
 7.600000 2.812092 2.812092 2.393472
 7.620000 2.812113 2.812113 2.393425
 7.640000 2.813364 2.813364 2.390689
 7.660000 2.814954 2.814954 2.387213
 7.680000 2.815609 2.815609 2.385782
 7.700000 2.816509 2.816509 2.383816
 7.720000 2.817927 2.817927 2.380721
 7.740000 2.819128 2.819128 2.378101
 7.760000 2.819923 2.819923 2.376368
 7.780000 2.820806 2.820806 2.374444
 7.800000 2.821731 2.821731 2.372428
 7.820000 2.822449 2.822449 2.370865
 7.840000 2.823240 2.823240 2.369142
 7.860000 2.823955 2.823955 2.367587
 7.880000 2.824230 2.824230 2.366987
 7.900000 2.824635 2.824635 2.366106
 7.920000 2.825495 2.825495 2.364237
 7.940000 2.826316 2.826316 2.362451
 7.960000 2.826759 2.826759 2.361488
 7.980000 2.827854 2.827854 2.359110
 8.000000 2.830404 2.830404 2.353573
 8.020000 2.832452 2.832452 2.349133
 8.040000 2.833608 2.833608 2.346628
 8.060000 2.835772 2.835772 2.341941
 8.080000 2.838663 2.838663 2.335688
 8.100000 2.840470 2.840470 2.331786
 8.120000 2.842165 2.842165 2.328126
 8.140000 2.844871 2.844871 2.322290
 8.160000 2.847312 2.847312 2.317032
 8.180000 2.848903 2.848903 2.313610
 8.200000 2.850616 2.850616 2.309927
 8.220000 2.852701 2.852701 2.305446
 8.240000 2.854568 2.854568 2.301439
 8.260000 2.856322 2.856322 2.297677
 8.280000 2.858741 2.858741 2.292496
 8.300000 2.861323 2.861323 2.286970
 8.320000 2.864066 2.864066 2.281108
 8.340000 2.866669 2.866669 2.275550
 8.360000 2.869282 2.869282 2.269980
 8.380000 2.871781 2.871781 2.264659
 8.400000 2.873694 2.873694 2.260588
 8.420000 2.876026 2.876026 2.255633
 8.440000 2.878847 2.878847 2.249645
 8.460000 2.881818 2.881818 2.243347
 8.480000 2.885102 2.885102 2.236397
 8.500000 2.888761 2.888761 2.228665
 8.520000 2.892540 2.892540 2.220694
 8.540000 2.895671 2.895671 2.214101
 8.560000 2.898382 2.898382 2.208399
 8.580000 2.901692 2.901692 2.201447
 8.600000 2.905347 2.905347 2.193785
 8.620000 2.908029 2.908029 2.188172
 8.640000 2.910749 2.910749 2.182486
 8.660000 2.909627 2.913814 2.184829
 8.680000 2.907945 2.916286 2.188347
 8.700000 2.906024 2.919478 2.192368
 8.720000 2.904632 2.923874 2.195284
 8.740000 2.903115 2.928153 2.198463
 8.760000 2.900834 2.931677 2.203248
 8.780000 2.898847 2.935759 2.207422
 8.800000 2.897554 2.941200 2.210139
 8.820000 2.895994 2.895994 2.213421
 8.840000 2.893654 2.893654 2.218346
 8.860000 2.892167 2.892167 2.221479
 8.880000 2.891186 2.891186 2.223549
 8.900000 2.889289 2.889289 2.227550
 8.920000 2.886964 2.886964 2.232461
 8.940000 2.885544 2.885544 2.235463
 8.960000 2.884613 2.884613 2.237432
 8.980000 2.883396 2.883396 2.240007
 9.000000 2.882049 2.882049 2.242859
 9.020000 2.881119 2.881119 2.244828
 9.040000 2.880318 2.880318 2.246526
 9.060000 2.879441 2.879441 2.248385
 9.080000 2.878609 2.878609 2.250150
 9.100000 2.878108 2.878108 2.251213
 9.120000 2.877709 2.877709 2.252060
 9.140000 2.877263 2.877263 2.253007
 9.160000 2.876850 2.876850 2.253882
 9.180000 2.876421 2.876421 2.254793
 9.200000 2.875953 2.875953 2.255789
 9.220000 2.875664 2.875664 2.256402
 9.240000 2.875482 2.875482 2.256788
 9.260000 2.875142 2.875142 2.257510
 9.280000 2.874890 2.874890 2.258046
 9.300000 2.875131 2.875131 2.257535
 9.320000 2.875439 2.875439 2.256880
 9.340000 2.875180 2.875180 2.257431
 9.360000 2.875070 2.875070 2.257664
 9.380000 2.875813 2.875813 2.256084
 9.400000 2.876286 2.876286 2.255080
 9.420000 2.875874 2.875874 2.255956
 9.440000 2.876087 2.876087 2.255504
 9.460000 2.877127 2.877127 2.253296
 9.480000 2.877573 2.877573 2.252349
 9.500000 2.877230 2.877230 2.253077
 9.520000 2.877926 2.877926 2.251599
 9.540000 2.879469 2.879469 2.248325
 9.560000 2.880001 2.880001 2.247198
 9.580000 2.880011 2.880011 2.247177
 9.600000 2.881370 2.881370 2.244297
 9.620000 2.882868 2.882868 2.241125
 9.640000 2.883441 2.883441 2.239910
 9.660000 2.883926 2.883926 2.238885
 9.680000 2.884948 2.884948 2.236723
 9.700000 2.885944 2.885944 2.234617
 9.720000 2.886683 2.886683 2.233055
 9.740000 2.887660 2.887660 2.230990
 9.760000 2.888879 2.888879 2.228416
 9.780000 2.889818 2.889818 2.226433
 9.800000 2.890683 2.890683 2.224610
 9.820000 2.892046 2.892046 2.221736
 9.840000 2.893396 2.893396 2.218890
 9.860000 2.894638 2.894638 2.216275
 9.880000 2.896183 2.896183 2.213023
 9.900000 2.897749 2.897749 2.209729
 9.920000 2.899301 2.899301 2.206468
 9.940000 2.901109 2.901109 2.202671
 9.960000 2.903225 2.903225 2.198234
 9.980000 2.904945 2.904945 2.194629
 10.000000 2.906170 2.906170 2.192061
 10.020000 2.907807 2.907807 2.188637
 10.040000 2.910082 2.910082 2.183879
 10.060000 2.912078 2.912078 2.179709
 10.080000 2.913883 2.913883 2.175942
 10.100000 2.916042 2.916042 2.171439
 10.120000 2.918389 2.918389 2.166552
 10.140000 2.920593 2.920593 2.161966
 10.160000 2.922419 2.922419 2.158172
 10.180000 2.923752 2.923752 2.155402
 10.200000 2.924732 2.924732 2.153369
 10.220000 2.925752 2.925752 2.151253
 10.240000 2.926871 2.926871 2.148933
 10.260000 2.927927 2.927927 2.146743
 10.280000 2.928820 2.928820 2.144893
 10.300000 2.929924 2.929924 2.142608
 10.320000 2.931467 2.931467 2.139415
 10.340000 2.932862 2.932862 2.136530
 10.360000 2.934182 2.934182 2.133801
 10.380000 2.936297 2.936297 2.129434
 10.400000 2.938818 2.938818 2.124236
 10.420000 2.940913 2.940913 2.119920
 10.440000 2.943368 2.943368 2.114867
 10.460000 2.947141 2.947141 2.107115
 10.480000 2.951109 2.951109 2.098977
 10.500000 2.954578 2.954578 2.091875
 10.520000 2.957711 2.957711 2.085472
 10.540001 2.962826 2.962826 2.075039
 10.560001 2.967882 2.967882 2.064751
 10.580001 2.971312 2.971312 2.057788
 10.600001 2.974130 2.974130 2.052075
 10.620001 2.978078 2.978078 2.044084
 10.640001 2.982421 2.982421 2.035312
 10.660001 2.986252 2.986252 2.027591
 10.680001 2.989649 2.989649 2.020755
 10.700001 2.993343 2.993343 2.013337
 10.720001 2.997059 2.997059 2.005887
 10.740001 3.000170 3.000170 1.999660
 10.760001 3.003214 3.003214 1.993577
 10.780001 3.006840 3.006840 1.986343
 10.800001 3.010059 3.010059 1.979932
 10.820001 3.012414 3.012414 1.975250
 10.840001 3.015215 3.015215 1.969685
 10.860001 3.019109 3.019109 1.961965
 10.880001 3.023251 3.023251 1.953767
 10.900001 3.025731 3.025731 1.948870
 10.920001 3.028052 3.028052 1.944289
 10.940001 3.031008 3.031008 1.938465
 10.960001 3.033527 3.033527 1.933508
 10.980001 3.035486 3.035486 1.929657
 11.000001 3.037915 3.037915 1.924888
 11.020001 3.040729 3.040729 1.919371
 11.040001 3.042989 3.042989 1.914947
 11.060001 3.044617 3.044617 1.911761
 11.080001 3.046656 3.046656 1.907777
 11.100001 3.048922 3.048922 1.903352
 11.120001 3.051090 3.051090 1.899125
 11.140001 3.052954 3.052954 1.895494
 11.160001 3.054947 3.054947 1.891616
 11.180001 3.057955 3.057955 1.885768
 11.200001 3.061207 3.061207 1.879459
 11.220001 3.064125 3.064125 1.873805
 11.240001 3.067121 3.067121 1.868012
 11.260001 3.070787 3.070787 1.860931
 11.280001 3.074045 3.074045 1.854651
 11.300001 3.076843 3.076843 1.849266
 11.320001 3.080429 3.080429 1.842376
 11.340001 3.084154 3.084154 1.835233
 11.360001 3.086681 3.086681 1.830394
 11.380001 3.089794 3.089794 1.824443
 11.400001 3.093517 3.093517 1.817338
 11.420001 3.096208 3.096208 1.812212
 11.440001 3.099261 3.099261 1.806404
 11.460001 3.105398 3.105398 1.794759
 11.480001 3.110867 3.110867 1.784412
 11.500001 3.115086 3.115086 1.776451
 11.520001 3.120319 3.120319 1.766601
 11.540001 3.126229 3.126229 1.755509
 11.560001 3.130687 3.130687 1.747165
 11.580001 3.134655 3.134655 1.739757
 11.600001 3.140908 3.140908 1.728112
 11.620001 3.146778 3.146778 1.717216
 11.640001 3.150180 3.150180 1.710918
 11.660001 3.153794 3.153794 1.704238
 11.680001 3.159060 3.159060 1.694530
 11.700001 3.163709 3.163709 1.685982
 11.720001 3.168102 3.168102 1.677924
 11.740001 3.173421 3.173421 1.668196
 11.760001 3.178262 3.178262 1.659364
 11.780001 3.181916 3.181916 1.652715
 11.800001 3.186318 3.186318 1.644721
 11.820001 3.191014 3.191014 1.636215
 11.840001 3.194337 3.194337 1.630209
 11.860001 3.197355 3.197355 1.624765
 11.880001 3.202126 3.202126 1.616176
 11.900001 3.206342 3.206342 1.608605
 11.920001 3.208193 3.208193 1.605285
 11.940001 3.211061 3.211061 1.600152
 11.960001 3.214804 3.214804 1.593463
 11.980001 3.216715 3.216715 1.590052
 12.000001 3.218634 3.218634 1.586633
 12.020001 3.221680 3.221680 1.581212
 12.040001 3.224737 3.224737 1.575779
 12.060001 3.227840 3.227840 1.570276
 12.080001 3.232791 3.232791 1.561515
 12.100001 3.238834 3.238834 1.550853
 12.120001 3.243479 3.243479 1.542683
 12.140001 3.247481 3.247481 1.535662
 12.160001 3.252222 3.252222 1.527365
 12.180001 3.255985 3.255985 1.520795
 12.200001 3.258839 3.258839 1.515820
 12.220001 3.262416 3.262416 1.509599
 12.240001 3.266853 3.266853 1.501899
 12.260001 3.272143 3.272143 1.492745
 12.280001 3.278772 3.278772 1.481312
 12.300001 3.287273 3.287273 1.466717
 12.320001 3.295714 3.295714 1.452295
 12.340001 3.303001 3.303001 1.439904
 12.360001 3.309408 3.309408 1.429051
 12.380001 3.315882 3.315882 1.418126
 12.400001 3.321368 3.321368 1.408903
 12.420001 3.326703 3.326703 1.399961
 12.440001 3.332920 3.332920 1.389578
 12.460001 3.337387 3.337387 1.382141
 12.480001 3.341256 3.341256 1.375716
 12.500001 3.344999 3.344999 1.369515
 12.520001 3.348440 3.348440 1.363826
 12.540001 3.352056 3.352056 1.357860
 12.560001 3.357050 3.357050 1.349643
 12.580001 3.362779 3.362779 1.340246
 12.600001 3.368417 3.368417 1.331032
 12.620001 3.374539 3.374539 1.321062
 12.640001 3.380668 3.380668 1.311119
 12.660001 3.386686 3.386686 1.301391
 12.680001 3.392624 3.392624 1.291828
 12.700001 3.399129 3.399129 1.281393
 12.720001 3.405989 3.405989 1.270436
 12.740001 3.413087 3.413087 1.259147
 12.760001 3.421428 3.421428 1.245944
 12.780001 3.430030 3.430030 1.232403
 12.800001 3.438821 3.438821 1.218640
 12.820001 3.446897 3.446897 1.206064
 12.840001 3.454472 3.454472 1.194328
 12.860001 3.462353 3.462353 1.182179
 12.880001 3.469055 3.469055 1.171896
 12.900001 3.474683 3.474683 1.163296
 12.920001 3.480491 3.480491 1.154453
 12.940001 3.487365 3.487365 1.144033
 12.960001 3.496384 3.496384 1.130430
 12.980001 3.506392 3.506392 1.115432
 13.000001 3.516175 3.516175 1.100869
 13.020001 3.525848 3.525848 1.086562
 13.040001 3.535286 3.535286 1.072693
 13.060001 3.544931 3.544931 1.058613
 13.080001 3.556340 3.556340 1.042077
 13.100001 3.568480 3.568480 1.024625
 13.120001 3.581105 3.581105 1.006631
 13.140001 3.591567 3.591567 0.991841
 13.160001 3.601285 3.601285 0.978202
 13.180001 3.611506 3.611506 0.963958
 13.200001 3.620231 3.620231 0.951881
 13.220001 3.627447 3.627447 0.941951
 13.240001 3.634687 3.634687 0.932040
 13.260001 3.642632 3.642632 0.921225
 13.280001 3.649110 3.649110 0.912452
 13.300001 3.654214 3.654214 0.905570
 13.320001 3.659713 3.659713 0.898185
 13.340001 3.664187 3.664187 0.892199
 13.360001 3.667776 3.667776 0.887410
 13.380001 3.671325 3.671325 0.882688
 13.400001 3.675448 3.675448 0.877218
 13.420001 3.680230 3.680230 0.870896
 13.440001 3.685077 3.685077 0.864511
 13.460001 3.690924 3.690924 0.856840
 13.480001 3.697000 3.697000 0.848904
 13.500001 3.702311 3.702311 0.841999
 13.520001 3.708352 3.708352 0.834178
 13.540001 3.713576 3.713576 0.827443
 13.560001 3.718517 3.718517 0.821099
 13.580001 3.723893 3.723893 0.814224
 13.600001 3.731579 3.731579 0.804447
 13.620001 3.739559 3.739559 0.794356
 13.640001 3.747507 3.747507 0.784369
 13.660001 3.756960 3.756960 0.772575
 13.680001 3.765548 3.765548 0.761935
 13.700001 3.771934 3.771934 0.754073
 13.720001 3.779241 3.779241 0.745126
 13.740001 3.789099 3.789099 0.733140
 13.760001 3.798311 3.798311 0.722028
 13.780001 3.807478 3.807478 0.711055
 13.800001 3.817724 3.817724 0.698888
 13.820001 3.827835 3.827835 0.686985
 13.840001 3.835864 3.835864 0.677606
 13.860001 3.846390 3.846390 0.665408
 13.880001 3.856790 3.856790 0.653464
 13.900001 3.866421 3.866421 0.642500
 13.920001 3.876000 3.876000 0.631688
 13.940001 3.885397 3.885397 0.621170
 13.960001 3.895290 3.895290 0.610192
 13.980001 3.904665 3.904665 0.599879
 14.000001 3.913026 3.913026 0.590756
 14.020001 3.922492 3.922492 0.580512
 14.040001 3.930229 3.930229 0.572205
 14.060001 3.939439 3.939439 0.562395
 14.080001 3.950961 3.950961 0.550242
 14.100001 3.960328 3.960328 0.540459
 14.120001 3.969115 3.969115 0.531362
 14.140001 3.978383 3.978383 0.521850
 14.160001 3.987015 3.987015 0.513070
 14.180001 3.994589 3.994589 0.505425
 14.200001 4.002714 4.002714 0.497290
 14.220001 4.010511 4.010511 0.489544
 14.240001 4.018688 4.018688 0.481487
 14.260001 4.024650 4.024650 0.475654
 14.280001 4.030602 4.030602 0.469866
 14.300001 4.035489 4.035489 0.465141
 14.320001 4.040337 4.040337 0.460477
 14.340001 4.045360 4.045360 0.455668
 14.360001 4.051415 4.051415 0.449907
 14.380001 4.057011 4.057011 0.444614
 14.400001 4.064301 4.064301 0.437766
 14.420001 4.072061 4.072061 0.430536
 14.440001 4.079825 4.079825 0.423361
 14.460001 4.087516 4.087516 0.416314
 14.480001 4.096876 4.096876 0.407816
 14.500001 4.108974 4.108974 0.396964
 14.520001 4.123712 4.123712 0.383940
 14.540001 4.135728 4.135728 0.373483
 14.560001 4.147958 4.147958 0.362988
 14.580001 4.162516 4.162516 0.350690
 14.600001 4.179172 4.179172 0.336879
 14.620001 4.199343 4.199343 0.320526
 14.640001 4.223790 4.223790 0.301251
 14.660001 4.246424 4.246424 0.283938
 14.680001 4.268801 4.268801 0.267326
 14.700001 4.286183 4.286183 0.254768
 14.720001 4.297926 4.297926 0.246454
 14.740001 4.306380 4.306380 0.240554
 14.760001 4.313366 4.313366 0.235733
 14.780001 4.319571 4.319571 0.231492
 14.800001 4.326815 4.326815 0.226589
 14.820001 4.334458 4.334458 0.221473
 14.840001 4.340369 4.340369 0.217557
 14.860001 4.345794 4.345794 0.213993
 14.880001 4.350511 4.350511 0.210918
 14.900001 4.355787 4.355787 0.207505
 14.920001 4.362098 4.362098 0.203460
 14.940001 4.368995 4.368995 0.199084
 14.960001 4.376940 4.376940 0.194102
 14.980001 4.384711 4.384711 0.189290
 15.000001 4.392851 4.392851 0.184315
 15.020001 4.403491 4.403491 0.177912
 15.040001 4.413466 4.413466 0.172011
 15.060001 4.421857 4.421857 0.167125
 15.080001 4.431486 4.431486 0.161604
 15.100001 4.441192 4.441192 0.156133
 15.120001 4.450853 4.450853 0.150781
 15.140001 4.460172 4.460172 0.145707
 15.160001 4.471762 4.471762 0.139518
 15.180001 4.483487 4.483487 0.133393
 15.200001 4.493191 4.493191 0.128428
 15.220001 4.502890 4.502890 0.123559
 15.240001 4.512081 4.512081 0.119033
 15.260001 4.521245 4.521245 0.114603
 15.280001 4.529051 4.529051 0.110897
 15.300001 4.534210 4.534210 0.108480
 15.320001 4.538182 4.538182 0.106638
 15.340001 4.541181 4.541181 0.105258
 15.360001 4.543910 4.543910 0.104009
 15.380001 4.546328 4.546328 0.102909
 15.400001 4.548396 4.548396 0.101973
 15.420001 4.550796 4.550796 0.100892
 15.440001 4.553501 4.553501 0.099681
 15.460001 4.555923 4.555923 0.098602
 15.480001 4.558325 4.558325 0.097539
 15.500001 4.560874 4.560874 0.096416
 15.520001 4.564301 4.564301 0.094917
 15.540001 4.567607 4.567607 0.093482
 15.560001 4.571303 4.571303 0.091891
 15.580001 4.575963 4.575963 0.089904
 15.600001 4.579404 4.579404 0.088451
 15.620001 4.583240 4.583240 0.086845
 15.640001 4.589070 4.589070 0.084432
 15.660001 4.595939 4.595939 0.081633
 15.680001 4.603171 4.603171 0.078737
 15.700001 4.609251 4.609251 0.076342
 15.720001 4.616206 4.616206 0.073649
 15.740001 4.624119 4.624119 0.070643
 15.760001 4.632626 4.632626 0.067482
 15.780001 4.641298 4.641298 0.064333
 15.800001 4.649893 4.649893 0.061287
 15.820001 4.658616 4.658616 0.058272
 15.840001 4.668945 4.668945 0.054799
 15.860001 4.679436 4.679436 0.051381
 15.880001 4.689143 4.689143 0.048316
 15.900001 4.698358 4.698358 0.045494
 15.920001 4.710255 4.710255 0.041976
 15.940001 4.722162 4.722162 0.038597
 15.960001 4.732769 4.732769 0.035706
 15.980001 4.743342 4.743342 0.032937
 16.000001 4.753731 4.753731 0.030324
 16.020001 4.766469 4.766469 0.027268
 16.040001 4.779622 4.779622 0.024283
 16.060001 4.791928 4.791928 0.021647
 16.080001 4.804127 4.804127 0.019183
 16.100001 4.815680 4.815680 0.016987
 16.120001 4.826148 4.826148 0.015112
 16.140001 4.835926 4.835926 0.013460
 16.160001 4.844135 4.844135 0.012147
 16.180001 4.853060 4.853060 0.010796
 16.200001 4.862695 4.862695 0.009426
 16.220001 4.871942 4.871942 0.008199
 16.240001 4.881452 4.881452 0.007027
 16.260001 4.891453 4.891453 0.005891
 16.280001 4.901480 4.901480 0.004853
 16.300001 4.910567 4.910567 0.003999
 16.320001 4.919455 4.919455 0.003244
 16.340001 4.928859 4.928859 0.002531
 16.360001 4.938971 4.938971 0.001862
 16.380001 4.948034 4.948034 0.001350
 16.400001 4.958430 4.958430 0.000864
 16.420001 4.970810 4.970810 0.000426
 16.440001 4.982225 4.982225 0.000158
 16.460001 4.991731 4.991731 0.000034
 16.480001 5.000609 5.000609 0.000000
 16.500001 5.008684 5.008684 0.000038
 16.520001 5.017610 5.017610 0.000155
 16.540001 5.026785 5.026785 0.000359
 16.560001 5.035612 5.035612 0.000634
 16.580001 5.045947 5.045947 0.001056
 16.600001 5.057704 5.057704 0.001665
 16.620001 5.071252 5.071252 0.002538
 16.640001 5.084199 5.084199 0.003545
 16.660001 5.095638 5.095638 0.004573
 16.680001 5.107434 5.107434 0.005771
 16.700001 5.119487 5.119487 0.007139
 16.720001 5.130983 5.130983 0.008578
 16.740001 5.143259 5.143259 0.010262
 16.760001 5.155733 5.155733 0.012126
 16.780001 5.165446 5.165446 0.013686
 16.800001 5.175014 5.175014 0.015315
 16.820001 5.183794 5.183794 0.016890
 16.840001 5.193106 5.193106 0.018645
 16.860001 5.201106 5.201106 0.020222
 16.880001 5.207282 5.207282 0.021483
 16.900001 5.214435 5.214435 0.022991
 16.920001 5.221778 5.221778 0.024593
 16.940001 5.228650 5.228650 0.026140
 16.960001 5.235620 5.235620 0.027758
 16.980001 5.241624 5.241624 0.029191
 17.000001 5.248170 5.248170 0.030794
 17.020001 5.254522 5.254522 0.032391
 17.040001 5.261050 5.261050 0.034074
 17.060001 5.269182 5.269182 0.036230
 17.080001 5.277883 5.277883 0.038609
 17.100001 5.287300 5.287300 0.041271
 17.120001 5.296729 5.296729 0.044024
 17.140001 5.306842 5.306842 0.047076
 17.160001 5.315417 5.315417 0.049744
 17.180001 5.322750 5.322750 0.052084
 17.200001 5.332167 5.332167 0.055168
 17.220001 5.342746 5.342746 0.058737
 17.240001 5.353880 5.353880 0.062615
 17.260001 5.365011 5.365011 0.066616
 17.280001 5.376423 5.376423 0.070847
 17.300001 5.389700 5.389700 0.075933
 17.320001 5.402223 5.402223 0.080892
 17.340001 5.413942 5.413942 0.085674
 17.360001 5.425528 5.425528 0.090537
 17.380001 5.436864 5.436864 0.095425
 17.400001 5.450523 5.450523 0.101486
 17.420001 5.463025 5.463025 0.107196
 17.440001 5.474509 5.474509 0.112580
 17.460001 5.485903 5.485903 0.118051
 17.480001 5.496068 5.496068 0.123042
 17.500001 5.508765 5.508765 0.129421
 17.520001 5.520978 5.520978 0.135709
 17.540001 5.532686 5.532686 0.141877
 17.560001 5.544203 5.544203 0.148079
 17.580001 5.553047 5.553047 0.152931
 17.600001 5.559900 5.559900 0.156744
 17.620001 5.566658 5.566658 0.160550
 17.640001 5.574519 5.574519 0.165036
 17.660001 5.583120 5.583120 0.170014
 17.680001 5.590758 5.590758 0.174497
 17.700001 5.599486 5.599486 0.179692
 17.720001 5.609033 5.609033 0.185461
 17.740001 5.619798 5.619798 0.192075
 17.760001 5.631347 5.631347 0.199299
 17.780001 5.642849 5.642849 0.206627
 17.800001 5.654703 5.654703 0.214318
 17.820001 5.666756 5.666756 0.222282
 17.840001 5.679683 5.679683 0.230985
 17.860001 5.691093 5.691093 0.238804
 17.880001 5.702757 5.702757 0.246933
 17.900001 5.716329 5.716329 0.256563
 17.920001 5.731766 5.731766 0.267741
 17.940001 5.744064 5.744064 0.276815
 17.960001 5.755904 5.755904 0.285695
 17.980001 5.766283 5.766364 0.293595
 18.000001 5.773587 5.773896 0.299218
 18.020001 5.780197 5.780197 0.304353
 18.040001 5.786117 5.786117 0.308990
 18.060001 5.792534 5.792534 0.314055
 18.080001 5.797864 5.797864 0.318294
 18.100001 5.804253 5.804253 0.323411
 18.120001 5.810728 5.810728 0.328640
 18.140001 5.816657 5.816657 0.333464
 18.160001 5.822521 5.822521 0.338270
 18.180001 5.830117 5.830117 0.344547
 18.200001 5.838480 5.838480 0.351525
 18.220001 5.848223 5.848223 0.359741
 18.240001 5.858717 5.858717 0.368698
 18.260001 5.868570 5.868570 0.377207
 18.280001 5.878088 5.878088 0.385519
 18.300001 5.887072 5.887072 0.393448
 18.320001 5.899343 5.899343 0.404409
 18.340001 5.912355 5.912355 0.416196
 18.360001 5.924019 5.924019 0.426906
 18.380001 5.933750 5.933750 0.435944
 18.400001 5.942596 5.942596 0.444244
 18.420001 5.950205 5.950205 0.451445
 18.440001 5.957100 5.957100 0.458021
 18.460001 5.963656 5.963656 0.464317
 18.480001 5.970554 5.970554 0.470988
 18.500001 5.977280 5.977280 0.477538
 18.520001 5.984928 5.984928 0.485041
 18.540001 5.992593 5.992593 0.492621
 18.560001 6.000202 6.000202 0.500202
 18.580001 6.009251 6.009251 0.509294
 18.600001 6.017404 6.017404 0.517555
 18.620001 6.025383 6.025383 0.525705
 18.640001 6.032789 6.032789 0.533327
 18.660001 6.041680 6.041680 0.542548
 18.680001 6.051573 6.051573 0.552903
 18.700001 6.060678 6.060678 0.562519
 18.720001 6.067900 6.067900 0.570205
 18.740001 6.075915 6.075915 0.578797
 18.760001 6.084689 6.084689 0.588275
 18.780001 6.091661 6.091661 0.595862
 18.800001 6.099429 6.099429 0.604373
 18.820001 6.107037 6.107037 0.612765
 18.840001 6.113797 6.113797 0.620272
 18.860001 6.120602 6.120602 0.627875
 18.880001 6.127134 6.127134 0.635215
 18.900001 6.134500 6.134500 0.643545
 18.920001 6.141762 6.141762 0.651810
 18.940001 6.149994 6.149994 0.661243
 18.960001 6.159102 6.159102 0.671758
 18.980001 6.169127 6.169127 0.683429
 19.000001 6.179295 6.179295 0.695369
 19.020001 6.188028 6.188028 0.705706
 19.040001 6.195173 6.195173 0.714220
 19.060001 6.201553 6.201553 0.721865
 19.080001 6.206620 6.206620 0.727966
 19.100001 6.211356 6.211356 0.733692
 19.120001 6.215293 6.215293 0.738468
 19.140001 6.219768 6.219768 0.743917
 19.160001 6.224999 6.224999 0.750311
 19.180001 6.230480 6.230480 0.757040
 19.200001 6.235883 6.235883 0.763704
 19.220001 6.241512 6.241512 0.770676
 19.240001 6.248661 6.249103 0.779577
 19.260001 6.255481 6.256466 0.788116
 19.280001 6.263130 6.264990 0.797749
 19.300001 6.274030 6.276846 0.811576
 19.320001 6.285733 6.289329 0.826554
 19.340001 6.297960 6.302577 0.842350
 19.360001 6.308630 6.314292 0.856256
 19.380001 6.321090 6.327783 0.872639
 19.400001 6.334409 6.342167 0.890324
 19.420001 6.346380 6.346380 0.906369
 19.440001 6.357363 6.357363 0.921218
 19.460001 6.368595 6.368595 0.936527
 19.480001 6.377506 6.377506 0.948761
 19.500001 6.384324 6.384324 0.958176
 19.520001 6.389024 6.389024 0.964694
 19.540001 6.392902 6.392902 0.970089
 19.560001 6.395869 6.395869 0.974225
 19.580001 6.398298 6.398298 0.977618
 19.600001 6.400843 6.400843 0.981181
 19.620001 6.403871 6.403871 0.985426
 19.640001 6.407192 6.407192 0.990094
 19.660001 6.410005 6.410005 0.994057
 19.680001 6.412912 6.412912 0.998160
 19.700001 6.416453 6.416453 1.003169
 19.720001 6.419390 6.419390 1.007334
 19.740001 6.422783 6.422783 1.012156
 19.760001 6.427655 6.427655 1.019100
 19.780001 6.433521 6.433521 1.027491
 19.800001 6.439530 6.439530 1.036123
 19.820001 6.444098 6.444098 1.042710
 19.840001 6.447252 6.447252 1.047270
 19.860001 6.448453 6.448453 1.049008
 19.880001 6.448899 6.448899 1.049654
 19.900001 6.449244 6.449244 1.050154
 19.920001 6.449426 6.449426 1.050417
 19.940001 6.449516 6.449516 1.050548
 19.960001 6.449802 6.449802 1.050963
 19.980001 6.450281 6.450281 1.051657
 20.000001 6.450607 6.450607 1.052130
 20.020001 6.450610 6.450610 1.052134
 20.040001 6.449940 6.449940 1.051163
 20.060001 6.448784 6.448784 1.049488
 20.080001 6.446921 6.446921 1.046790
 20.100001 6.444541 6.444541 1.043349
 20.120001 6.442143 6.442143 1.039888
 20.140001 6.439091 6.439091 1.035491
 20.160001 6.434432 6.434695 1.028797
 20.180001 6.428126 6.429908 1.019771
 20.200001 6.421601 6.425150 1.010474
 20.220001 6.415653 6.415653 1.002037
 20.240001 6.409263 6.409263 0.993011
 20.260001 6.401854 6.401854 0.982597
 20.280001 6.391656 6.391656 0.968353
 20.300001 6.383362 6.383362 0.956846
 20.320001 6.376019 6.376019 0.946715
 20.340001 6.369322 6.369322 0.937521
 20.360001 6.363609 6.363609 0.929715
 20.380001 6.357507 6.357507 0.921412
 20.400001 6.350843 6.350843 0.912388
 20.420001 6.344601 6.344601 0.903975
 20.440001 6.338941 6.338941 0.896381
 20.460001 6.333231 6.333231 0.888752
 20.480001 6.328194 6.328194 0.882049
 20.500001 6.324476 6.324476 0.877119
 20.520001 6.320583 6.320583 0.871969
 20.540001 6.316714 6.316714 0.866868
 20.560001 6.312549 6.312549 0.861392
 20.580001 6.308245 6.308245 0.855753
 20.600001 6.303891 6.303891 0.850066
 20.620001 6.298675 6.298675 0.843279
 20.640001 6.292192 6.292192 0.834881
 20.660001 6.284271 6.284271 0.824676
 20.680001 6.275563 6.275563 0.813531
 20.700001 6.266190 6.266190 0.801618
 20.720001 6.257124 6.257124 0.790180
 20.740001 6.248193 6.248193 0.778993
 20.760001 6.239532 6.239532 0.768220
 20.780001 6.231161 6.231161 0.757879
 20.800001 6.222037 6.222037 0.746687
 20.820001 6.211214 6.211214 0.733520
 20.840001 6.200448 6.200448 0.720538
 20.860001 6.191066 6.191066 0.709319
 20.880001 6.183884 6.183884 0.700790
 20.900001 6.174265 6.174265 0.689449
 20.920001 6.164600 6.164600 0.678146
 20.940001 6.155852 6.155852 0.667996
 20.960001 6.148686 6.148686 0.659740
 20.980001 6.141518 6.141518 0.651532
 21.000001 6.134260 6.134260 0.643273
 21.020001 6.127768 6.127768 0.635930
 21.040001 6.121109 6.121109 0.628443
 21.060001 6.113979 6.113979 0.620475
 21.080001 6.106980 6.106980 0.612702
 21.100001 6.100754 6.100754 0.605829
 21.120001 6.094474 6.094474 0.598936
 21.140001 6.088637 6.088637 0.592566
 21.160001 6.083275 6.083275 0.586742
 21.180001 6.077702 6.077702 0.580721
 21.200001 6.072287 6.072287 0.574900
 21.220001 6.067713 6.067713 0.570005
 21.240001 6.062557 6.062557 0.564514
 21.260001 6.057288 6.057288 0.558929
 21.280001 6.052342 6.052342 0.553712
 21.300001 6.047992 6.047992 0.549144
 21.320001 6.043086 6.043086 0.544014
 21.340001 6.037818 6.037818 0.538533
 21.360001 6.031847 6.031847 0.532354
 21.380001 6.025535 6.025535 0.525862
 21.400001 6.019852 6.019852 0.520049
 21.420001 6.014477 6.014477 0.514582
 21.440001 6.008514 6.008514 0.508550
 21.460001 6.001311 6.001311 0.501312
 21.480001 5.994756 5.994756 0.494770
 21.500001 5.989188 5.989188 0.489246
 21.520001 5.984234 5.984234 0.484359
 21.540001 5.979068 5.979068 0.479287
 21.560001 5.973603 5.973603 0.473951
 21.580001 5.966047 5.966047 0.466624
 21.600001 5.956836 5.956836 0.457768
 21.620001 5.948994 5.948994 0.450295
 21.640001 5.942148 5.942148 0.443821
 21.660001 5.933583 5.933583 0.435788
 21.680001 5.924691 5.924691 0.427527
 21.700001 5.917743 5.917743 0.421126
 21.720001 5.910721 5.910721 0.414706
 21.740001 5.902256 5.902256 0.407033
 21.760001 5.893721 5.893721 0.399368
 21.780001 5.885751 5.885751 0.392277
 21.800001 5.878181 5.878181 0.385601
 21.820001 5.870659 5.870659 0.379023
 21.840001 5.863454 5.863454 0.372776
 21.860001 5.854867 5.854867 0.365399
 21.880001 5.846510 5.846510 0.358289
 21.900001 5.838788 5.838788 0.351783
 21.920001 5.832249 5.832249 0.346319
 21.940001 5.824697 5.824697 0.340063
 21.960001 5.818756 5.818756 0.335181
 21.980001 5.813281 5.813281 0.330713
 22.000001 5.808064 5.808064 0.326483
 22.020001 5.802506 5.802506 0.322008
 22.040001 5.796685 5.796685 0.317353
 22.060001 5.789826 5.789826 0.311913
 22.080001 5.782740 5.782740 0.306341
 22.100001 5.776794 5.776794 0.301704
 22.120001 5.769631 5.769631 0.296166
 22.140001 5.762159 5.762159 0.290443
 22.160001 5.755510 5.755510 0