#! FIELDS time d1 d2
 0.000000 1.084114 1.084114
 1.000000 1.084114 1.084114
 2.000000 1.084114 1.084114
 3.000000 1.084114 1.084114
 4.000000 1.084114 1.084114
 5.000000 1.084114 1.084114
 6.000000 1.084114 1.084114
 7.000000 1.084114 1.084114
 8.000000 1.084114 1.084114
 9.000000 1.084114 1.084114
 10.000000 1.084114 1.084114
 11.000000 1.084114 1.084114
 12.000000 1.084114 1.084114
 13.000000 1.084114 1.084114
 14.000000 1.084114 1.084114
 15.000000 1.084114 1.084114
 16.000000 1.084114 1.084114
 17.000000 1.084114 1.084114
 18.000000 1.084114 1.084114
 19.000000 1.084114 1.084114
 20.000000 1.084114 1.084114
 21.000000 1.084114 1.084114
 22.000000 1.084114 1.084114
 23.000000 1.084114 1.084114
 24.000000 1.084114 1.084114
 25.000000 1.084114 1.084114
 26.000000 1.084114 1.084114
 27.000000 1.084114 1.084114
 28.000000 1.084114 1.084114
 29.000000 1.084114 1.084114
 30.000000 1.084114 1.084114
 31.000000 1.084114 1.084114
 32.000000 1.084114 1.084114
 33.000000 1.084114 1.084114
 34.000000 1.084114 1.084114
 35.000000 1.084114 1.084114
 36.000000 1.084114 1.084114
 37.000000 1.084114 1.084114
 38.000000 1.084114 1.084114
 39.000000 1.084114 1.084114
 40.000000 1.084114 1.084114
 41.000000 1.084114 1.084114
 42.000000 1.084114 1.084114
 43.000000 1.084114 1.084114
 44.000000 1.084114 1.084114
 45.000000 1.084114 1.084114
 46.000000 1.084114 1.084114
 47.000000 1.084114 1.084114
 48.000000 1.084114 1.084114
 49.000000 1.084114 1.084114
 50.000000 1.084114 1.084114
 51.000000 1.084114 1.084114
 52.000000 1.084114 1.084114
 53.000000 1.084114 1.084114
 54.000000 1.084114 1.084114
 55.000000 1.084114 1.084114
 56.000000 1.084114 1.084114
 57.000000 1.084114 1.084114
 58.000000 1.084114 1.084114
 59.000000 1.084114 1.084114
 60.000000 1.084114 1.084114
 61.000000 1.084114 1.084114
 62.000000 1.084114 1.084114
 63.000000 1.084114 1.084114
 64.000000 1.084114 1.084114
 65.000000 1.084114 1.084114
 66.000000 1.084114 1.084114
 67.000000 1.084114 1.084114
 68.000000 1.084114 1.084114
 69.000000 1.084114 1.084114
 70.000000 1.084114 1.084114
 71.000000 1.084114 1.084114
 72.000000 1.084114 1.084114
 73.000000 1.084114 1.084114
 74.000000 1.084114 1.084114
 75.000000 1.084114 1.084114
 76.000000 1.084114 1.084114
 77.000000 1.084114 1.084114
 78.000000 1.084114 1.084114
 79.000000 1.084114 1.084114
 80.000000 1.084114 1.084114
 81.000000 1.084114 1.084114
 82.000000 1.084114 1.084114
 83.000000 1.084114 1.084114
 84.000000 1.084114 1.084114
 85.000000 1.084114 1.084114
 86.000000 1.084114 1.084114
 87.000000 1.084114 1.084114
 88.000000 1.084114 1.084114
 89.000000 1.084114 1.084114
 90.000000 1.084114 1.084114
 91.000000 1.084114 1.084114
 92.000000 1.084114 1.084114
 93.000000 1.084114 1.084114
 94.000000 1.084114 1.084114
 95.000000 1.084114 1.084114
 96.000000 1.084114 1.084114
 97.000000 1.084114 1.084114
 98.000000 1.084114 1.084114
 99.000000 1.084114 1.084114
 100.000000 1.084114 1.084114
 101.000000 1.084114 1.084114
 102.000000 1.084114 1.084114
